Unique Id,DIST
52008,0.13561042664630063
52009,0.009158007565942296
52010,0.009158007565942296
52011,0.009158007565942296
52012,0.009158007565942296
52013,0.009158007565942296
52014,0.009158007565942296
52015,0.009158007565942296
52016,0.009158007565942296
52017,0.009158007565942296
52018,0.009158007565942296
82008,0.09468387657168795
82009,0.009158007565942296
82010,0.009158007565942296
82011,0.009158007565942296
82012,0.009158007565942296
82013,0.009158007565942296
82014,0.009158007565942296
82015,0.009158007565942296
82016,0.009158007565942296
82017,0.009158007565942296
82018,0.009158007565942296
132008,0.009158007565942296
132009,0.009158007565942296
132010,0.009158007565942296
132011,0.009158007565942296
132012,0.009158007565942296
132013,0.009158007565942296
132014,0.009158007565942296
132015,0.009158007565942296
132016,0.009158007565942296
132017,0.02812440181184699
132018,0.7297424899526197
152008,0.009158007565942296
152009,0.6298833342981983
152010,0.9499245989733555
152011,0.6650342586347432
152012,0.009158007565942296
152013,0.9922244762630285
152014,0.9912453188724042
152015,0.9976662365354653
152016,0.9980095484457728
152017,0.9989379489681246
202008,0.9675330101067985
202009,0.9955795212824068
202010,0.9768235137887857
202011,0.984559819795875
202012,0.925290540554797
202013,0.9997813861303747
202014,0.009158007565942296
202015,0.009158007565942296
202016,0.9996013861312834
202017,0.9999999982540584
202018,0.9999999973240132
222008,0.9773909978227041
222009,0.735393352533763
222010,0.9881819057320512
222011,0.009158007565942296
222012,0.009158007565942296
222013,0.999971565886914
222014,0.009158007565942296
222015,0.009158007565942296
222016,0.009158007565942296
222017,0.009158007565942296
222018,0.009158007565942296
232008,0.009158007565942296
232009,0.009158007565942296
232010,0.9902949473364607
232011,0.8448379861441895
232012,0.009158007565942296
232013,0.009158007565942296
232014,0.009158007565942296
232015,0.0593664240239467
232016,0.9693842096820342
232017,0.970257607406634
232018,0.009158007565942296
432300352008,0.8937557586014283
432300352009,0.6665508308813883
432300352010,0.6210200073880802
432300352011,0.5325745375824964
432300352012,0.8326155497946417
432300352013,0.8694075986809677
432300352014,0.8454856688124232
432300352015,0.856746319584854
432300352016,0.8896653541143374
432300352017,0.8831825515065594
432300352018,0.12658655379940378
433585662008,0.5774242903588388
433585662009,0.009158007565942296
433585662010,0.781617296434427
433585662011,0.009158007565942296
433585662012,0.9244938090765819
433585662013,0.9811621901564419
433585662014,0.8402280273397462
1316240962008,0.009158007565942296
1316240962009,0.009158007565942296
1316240962010,0.009158007565942296
1316240962011,0.009158007565942296
1316240962012,0.009158007565942296
1316240962013,0.009158007565942296
1316240962014,0.009158007565942296
1316240962015,0.5043846959921157
1316240962016,0.009158007565942296
1316240962017,0.009158007565942296
1316240962018,0.5951202886328858
1413385472008,0.009158007565942296
1413385472009,0.009158007565942296
1413385472010,0.009158007565942296
1413385472011,0.009158007565942296
1413385472012,0.009158007565942296
1413385472013,0.009158007565942296
1413385472014,0.009158007565942296
1413385472015,0.009158007565942296
1413385472016,0.009158007565942296
1413385472017,0.009158007565942296
1413385472018,0.009158007565942296
1416417302008,0.7313269212500605
1416417302009,0.009158007565942296
1416417302010,0.009158007565942296
1416417302011,0.009158007565942296
1416417302012,0.009158007565942296
1416417302013,0.7071873031469814
1416417302014,0.009158007565942296
1416417302015,0.16000773130784196
1416417302016,0.009158007565942296
1416417302017,0.009158007565942296
1416780682008,0.5079357994902627
1416780682009,0.009158007565942296
1416780682010,0.6970035544367827
1416780682011,0.009158007565942296
1416780682012,0.009158007565942296
1416780682013,0.009158007565942296
1416780682014,0.009158007565942296
1416780682015,0.009158007565942296
1416780682016,0.009158007565942296
1416780682017,0.5927225834287362
1416780682018,0.5745473925461924
2011064262008,0.009158007565942296
2011064262009,0.7233629881292434
2011064262010,0.7136448325184037
2011064262011,0.9864299021380314
2011064262012,0.731030616884917
2011064262013,0.3833941435671244
2011064262014,0.009158007565942296
2011064262015,0.009158007565942296
2011064262016,0.009158007565942296
2011064262017,0.6518673075398957
2011064262018,0.920446294571306
2225946722008,0.009158007565942296
2225946722009,0.5723064063732826
2225946722010,0.009158007565942296
2225946722011,0.009158007565942296
2225946722012,0.009158007565942296
2225946722013,0.7471937448804358
2225946722014,0.6491385331723255
2225946722015,0.9606679682222492
2225946722016,0.6384771160734903
2225946722017,0.9327717327472409
2225946722018,0.9635933877014334
2228619782008,0.009158007565942296
2228619782009,0.009158007565942296
2228619782010,0.7518664487196768
2228619782011,0.9358336993411853
2228619782012,0.9033379735037139
2228619782013,0.8999614145442977
2228619782014,0.7421287177732431
2228619782015,0.8449252603510083
2228619782016,0.6327574335007878
2228619782017,0.5373678160879305
2228619782018,0.5741636003706432
2370640102017,0.009158007565942296
2373791612008,0.9705945960419857
2373791612009,0.8831168527020341
2373791612010,0.99999179669277
2373791612011,0.6453438390810636
2373791612012,0.009158007565942296
2373791612013,0.009158007565942296
2373791612014,0.009158007565942296
2373791612015,0.009158007565942296
2373791612016,0.009158007565942296
2373791612017,0.59215887615665
2373791612018,0.009158007565942296
2514236572008,0.7503771713140747
2514236572009,0.8462129394809201
2514236572010,0.009158007565942296
2514236572011,0.009158007565942296
2514236572012,0.7924699408465117
2514236572013,0.8442898168730574
2514236572014,0.7447138273503392
2514236572015,0.9380078906617396
2514236572016,0.8435850463298893
2514236572017,0.9892306517152365
2514236572018,0.8466005095459888
2515224452008,0.8835247059431053
2515224452009,0.009158007565942296
2515224452010,0.009158007565942296
2515224452011,0.009158007565942296
2515224452012,0.009158007565942296
2515224452013,0.009158007565942296
2515224452014,0.009158007565942296
2515224452015,0.009158007565942296
2515224452016,0.009158007565942296
2515224452017,0.009158007565942296
2515224452018,0.009158007565942296
2604463912008,0.009158007565942296
2604463912009,0.009158007565942296
2604463912010,0.009158007565942296
2604463912011,0.9126804691382077
2604463912012,0.9998369765906318
2604463912013,0.009158007565942296
2604463912014,0.8347087027933036
2604463912015,0.009158007565942296
2604463912016,0.8460270986571077
2604463912017,0.917963113266612
2604463912018,0.9184269288352538
2605868122008,0.7555798735053344
2605868122009,0.009158007565942296
2605868122010,0.009158007565942296
2605868122011,0.7692299090297653
2605868122012,0.9673315245100205
2605868122013,0.9956169114825997
2605868122014,0.9645353550677234
2605868122015,0.7444081197889018
2605868122016,0.9919808235419677
2605868122017,0.9805245339332092
2605868122018,0.997222775662114
2739883362009,0.009158007565942296
2739883362010,0.009158007565942296
2739883362011,0.009158007565942296
2739883362012,0.02980251597651571
2739883362013,0.9911102744653079
2739883362014,0.9808722444931612
2739883362015,0.9786469141671453
2739883362016,0.8495489535289127
2739883362017,0.009158007565942296
2739883362018,0.009158007565942296
3116261792008,0.9042167898202501
3116261792009,0.7910238405586967
3116261792010,0.8602557894432753
3116261792011,0.8307055201730467
3116261792012,0.7091356772153966
3116261792013,0.5528479465691958
3116261792014,0.5539261349843079
3116261792015,0.6754148898466603
3116261792016,0.9270739754744562
3116261792017,0.9259888151613926
3116261792018,0.6131420750921946
3143949422008,0.009158007565942296
3143949422009,0.009158007565942296
3143949422010,0.009158007565942296
3143949422011,0.009158007565942296
3143949422012,0.009158007565942296
3143949422013,0.009158007565942296
3143949422014,0.5688314510049616
3143949422015,0.009158007565942296
3143949422016,0.009158007565942296
3143949422017,0.009158007565942296
3143949422018,0.558326298542131
3414258702008,0.009158007565942296
3414258702009,0.009158007565942296
3414258702010,0.009158007565942296
3414258702011,0.009158007565942296
3414258702012,0.009158007565942296
3414258702013,0.009158007565942296
3414258702014,0.009158007565942296
3414258702015,0.9360147902520944
3414258702016,0.009158007565942296
3414258702017,0.8432385410108614
3414258702018,0.7722966326289583
3415176712008,0.8520634505609701
3415176712009,0.6640752815756131
3415176712010,0.009158007565942296
3415176712011,0.7033278167173862
3415176712012,0.8930743620515592
3415176712013,0.7766392530679063
3415176712014,0.5194310353609931
3415176712015,0.9608857133351222
3415176712016,0.9690761795763956
3415176712017,0.9904291772296326
3415176712018,0.9936608596542077
3508681332008,0.009158007565942296
3508681332009,0.009158007565942296
3508681332010,0.009158007565942296
3508681332011,0.9891145797251177
3508681332012,0.009158007565942296
3508681332013,0.9749396658248514
3508681332014,0.9692929006407414
3508681332015,0.009158007565942296
3508681332016,0.9854006511665286
3508681332017,0.9944585051007055
3508681332018,0.5785807604098397
3513304722008,0.009158007565942296
3513304722009,0.009158007565942296
3513304722010,0.009158007565942296
3513304722011,0.703511996766806
3513304722012,0.05946052826348733
3513304722013,0.009158007565942296
3513304722014,0.009158007565942296
3513304722015,0.009158007565942296
3513304722016,0.009158007565942296
3513304722017,0.009158007565942296
3513304722018,0.009158007565942296
3519723842008,0.8104315212109632
3519723842009,0.9587936353897472
3519723842010,0.009158007565942296
3519723842011,0.009158007565942296
3519723842012,0.009158007565942296
3519723842013,0.009158007565942296
3519723842014,0.9235144499278104
3519723842015,0.009158007565942296
3519723842016,0.8287420868140051
3519723842017,0.9130719856281743
3519723842018,0.9586227371532486
3622226962008,0.009158007565942296
3622226962009,0.9845610176153728
3622226962010,0.009158007565942296
3622226962011,0.009158007565942296
3622226962012,0.9872094469536007
3622226962013,0.009158007565942296
3622226962014,0.7662826594397996
3622226962015,0.6172474915054006
3622226962016,0.9772278447253558
3622226962017,0.967894693589305
3622226962018,0.009158007565942296
3624149442008,0.009158007565942296
3624149442009,0.009158007565942296
3624149442010,0.009158007565942296
3624149442011,0.009158007565942296
3624149442012,0.009158007565942296
3624149442013,0.009158007565942296
3624149442014,0.009158007565942296
3624149442015,0.009158007565942296
3624149442016,0.49817960698791913
3624149442017,0.009158007565942296
3624149442018,0.009158007565942296
3706189392008,0.9394671527124284
3706189392009,0.009158007565942296
3706189392010,0.009158007565942296
3706189392011,0.009158007565942296
3706189392012,0.781229796591252
3706189392013,0.009158007565942296
3706189392014,0.009158007565942296
3706189392015,0.4385544338109901
3706189392016,0.5931307128424578
3706189392017,0.9938750765280269
3706189392018,0.009158007565942296
3706735122008,0.97225895122609
3706735122009,0.9887085537287761
3706735122010,0.009158007565942296
3706735122011,0.009158007565942296
3706735122012,0.009158007565942296
3706735122013,0.9876606604224611
3706735122014,0.9586852904309842
3706735122015,0.9813926417881754
3706735122016,0.9817278907094917
3706735122017,0.9782337991997302
3710586922008,0.5967748491861157
3710586922009,0.7872208803750922
3710586922010,0.6076979448132992
3710586922011,0.8827179114130903
3710586922012,0.7272230120329569
3710586922013,0.35346327692311597
3710586922014,0.8576135532777397
3710586922015,0.7833300274523449
3710586922016,0.973150698425796
3710586922017,0.9672298897021151
3710586922018,0.9424314193672875
3828000652008,0.9546176708911838
3828000652009,0.009158007565942296
3828000652010,0.009158007565942296
3828000652011,0.009158007565942296
3828000652012,0.009158007565942296
3828000652013,0.009158007565942296
3828000652014,0.009158007565942296
3828000652015,0.009158007565942296
3828000652016,0.009158007565942296
3828000652018,0.009158007565942296
3920144092009,0.9177523422484618
3920144092010,0.2008732270692777
3920144092011,0.8716641408986651
3920144092012,0.5907620980084325
3920144092013,0.009158007565942296
3920144092014,0.5344901628039357
3920144092015,0.009158007565942296
3920144092016,0.009158007565942296
3920144092017,0.009158007565942296
3920144092018,0.009158007565942296
4107306022008,0.009158007565942296
4107306022009,0.9999999925376369
4107306022010,0.9999997626385163
4107306022011,0.996283747028336
4107306022012,0.9971041235605059
4107306022013,0.009158007565942296
4107306022014,0.009158007565942296
4107306022015,0.009158007565942296
4107306022016,0.9699730563823415
4107306022017,0.25113440908409507
4116938382008,0.9793830734272521
4116938382009,0.9887587889731643
4116938382010,0.8147647487580044
4116938382011,0.9661625623690717
4116938382012,0.9867793271717754
4116938382013,0.6964638182917926
4116938382014,0.6195662607665362
4116938382015,0.8779248972717938
4116938382016,0.9292697359449755
4116938382017,0.7154684086763975
4116938382018,0.9298460866711931
4117246372008,0.9741488790478654
4117246372009,0.08976471468206265
4117246372010,0.009158007565942296
4117246372011,0.009158007565942296
4117246372012,0.9999980130805483
4117246372013,0.009158007565942296
4117246372014,0.8468637877668677
4117246372015,0.009158007565942296
4117246372016,0.9982259683152762
4117246372017,0.009158007565942296
4117246372018,0.009158007565942296
4118042052008,0.009158007565942296
4118042052009,0.009158007565942296
4118042052010,0.009158007565942296
4118042052011,0.009158007565942296
4118042052012,0.009158007565942296
4118042052013,0.009158007565942296
4118042052014,0.009158007565942296
4118042052015,0.009158007565942296
4118042052016,0.009158007565942296
4118042052017,0.009158007565942296
4118042052018,0.009158007565942296
4119492302008,0.009158007565942296
4119492302009,0.009158007565942296
4119492302010,0.009158007565942296
4119492302011,0.009158007565942296
4119492302012,0.009158007565942296
4119492302013,0.009158007565942296
4119492302014,0.009158007565942296
4119492302015,0.009158007565942296
4119492302016,0.009158007565942296
4119492302017,0.009158007565942296
4119492302018,0.009158007565942296
4206803702008,0.5443725650582419
4206803702009,0.009158007565942296
4206803702010,0.009158007565942296
4206803702011,0.009158007565942296
4206803702012,0.9622376768937684
4206803702013,0.009158007565942296
4206803702014,0.009158007565942296
4206803702015,0.009158007565942296
4206803702016,0.009158007565942296
4206803702017,0.009158007565942296
4208198192008,0.9808542145455642
4208198192009,0.009158007565942296
4208198192010,0.009158007565942296
4208198192011,0.009158007565942296
4208198192012,0.7560947136967466
4208198192013,0.009158007565942296
4208198192014,0.9825900589274804
4208198192015,0.009158007565942296
4208198192016,0.009158007565942296
4208198192017,0.009158007565942296
4208198192018,0.009158007565942296
4213197872008,0.9894236782342749
4213197872009,0.009158007565942296
4213197872010,0.9970942728463779
4213197872011,0.9642132343541961
4213197872012,0.9756210005159791
4213197872013,0.9996076067975906
4213197872014,0.009158007565942296
4213197872015,0.8462846942946733
4213197872016,0.9995228872396305
4213701082008,0.9807743226388889
4213701082009,0.9833666829637076
4213701082010,0.9819473821107113
4213701082011,0.9443198650005201
4213701082012,0.984630835197568
4213701082013,0.009158007565942296
4213701082014,0.9067694642123509
4213701082015,0.009158007565942296
4213701082016,0.9290301145453744
4213701082017,0.9026037270898805
4213701082018,0.7330424407777438
4214084022008,0.009158007565942296
4214084022009,0.009158007565942296
4214084022010,0.009158007565942296
4214084022011,0.009158007565942296
4214084022012,0.009158007565942296
4214084022013,0.009158007565942296
4214084022014,0.009158007565942296
4214084022015,0.009158007565942296
4214084022016,0.009158007565942296
4214084022017,0.009158007565942296
4214084022018,0.009158007565942296
4214188472008,0.11382372629116418
4214188472009,0.009158007565942296
4214188472010,0.5953632366398132
4214188472011,0.49601379984121907
4214188472012,0.9655901522918219
4214188472013,0.6302233021914407
4214188472014,0.7816631124597966
4214188472015,0.009158007565942296
4214188472016,0.009158007565942296
4214188472017,0.9773686815520258
4214188472018,0.7771980407124078
4214699582008,0.9949153694677378
4214699582009,0.9924710228291481
4214699582010,0.009158007565942296
4214699582011,0.009158007565942296
4214699582012,0.009158007565942296
4214699582013,0.009158007565942296
4214699582014,0.009158007565942296
4214699582015,0.009158007565942296
4214699582016,0.9679858330887987
4214699582017,0.9641673236113151
4214699582018,0.9706043839908918
4214731422008,0.009158007565942296
4214731422009,0.009158007565942296
4214731422010,0.9892438866421229
4214731422011,0.9848535493451486
4214731422012,0.9805033829660194
4214731422013,0.5686879468899119
4214731422014,0.009158007565942296
4214731422015,0.009158007565942296
4214731422016,0.009158007565942296
4214731422017,0.6365595644758633
4214731422018,0.9930173162336926
4260062192008,0.009158007565942296
4260062192009,0.5809161391362732
4260062192010,0.9502648818346991
4260062192011,0.9240514464719503
4260062192012,0.9751352041481565
4260062192013,0.9747912923449338
4260062192014,0.9422772289357467
4260062192015,0.07126023311312929
4260062192016,0.009158007565942296
4260062192017,0.009158007565942296
4260062192018,0.009158007565942296
4405452892008,0.009158007565942296
4405452892009,0.009158007565942296
4405452892010,0.009158007565942296
4405452892011,0.009158007565942296
4405452892012,0.009158007565942296
4405452892013,0.009158007565942296
4405452892014,0.009158007565942296
4405452892015,0.009158007565942296
4405452892016,0.009158007565942296
4405452892017,0.8267477441565297
4405452892018,0.7605624076831015
4405463662008,0.009158007565942296
4405463662009,0.009158007565942296
4405463662010,0.009158007565942296
4405463662011,0.009158007565942296
4405463662012,0.009158007565942296
4405463662013,0.009158007565942296
4405463662014,0.009158007565942296
4405463662015,0.009158007565942296
4405463662016,0.6875763558124974
4405463662017,0.009158007565942296
4405463662018,0.009158007565942296
4406559862008,0.5392253484478451
4406559862009,0.6835026200236803
4406559862010,0.009158007565942296
4406559862011,0.009158007565942296
4406559862012,0.9057606573722362
4406559862013,0.009158007565942296
4406559862014,0.9454843096346626
4406559862015,0.009158007565942296
4406559862016,0.9950316178079306
4406559862017,0.6972371279882298
4406559862018,0.9999725960961755
4528807262008,0.009158007565942296
4528807262009,0.2076986217733197
4528807262010,0.6118350621281076
4528807262011,0.009158007565942296
4528807262012,0.009158007565942296
4528807262013,0.009158007565942296
4528807262014,0.5749288756055021
4528807262015,0.009158007565942296
4528807262016,0.15702786394715512
4528807262017,0.009158007565942296
4528807262018,0.009158007565942296
4707968752008,0.009158007565942296
4707968752009,0.009158007565942296
4707968752010,0.11201375717341021
4707968752011,0.009158007565942296
4707968752012,0.21796929696160158
4707968752013,0.009158007565942296
4707968752014,0.009158007565942296
4707968752015,0.009158007565942296
4707968752016,0.009158007565942296
4707968752017,0.009158007565942296
4707968752018,0.9368386335416178
4805776582008,0.05275125837687238
4805776582009,0.009158007565942296
4805776582010,0.9119973227035323
4805776582011,0.5413476626519825
4805776582012,0.9621917989524942
4805776582013,0.9967915278451167
4805776582014,0.009158007565942296
4805776582015,0.9857091777589098
4805776582016,0.9899255566719721
4805776582017,0.9808229638804197
4805776582018,0.9984686598963235
4805776642008,0.009158007565942296
4805776642009,0.009158007565942296
4805776642010,0.009158007565942296
4805776642011,0.009158007565942296
4805776642012,0.009158007565942296
4805776642013,0.009158007565942296
4805776642014,0.009158007565942296
4805776642015,0.1703740122261638
4805776642016,0.009158007565942296
4805776642017,0.009158007565942296
4805776642018,0.9860912686751385
4811198792008,0.7879436168523691
4811198792009,0.009158007565942296
4811198792010,0.009158007565942296
4811198792011,0.7948776662895073
4811198792012,0.009158007565942296
4811198792013,0.009158007565942296
4811198792014,0.9728802573741906
4811198792015,0.9998439771501696
4811198792016,0.9564113814894082
4811198792017,0.9999911761468563
4811198792018,0.9901554391309894
4860757842008,0.009158007565942296
4860757842009,0.009158007565942296
4860757842010,0.009158007565942296
4860757842011,0.009158007565942296
4860757842012,0.009158007565942296
4860757842013,0.009158007565942296
4860757842014,0.009158007565942296
4860757842015,0.009158007565942296
4860757842016,0.9381679496202242
4860757842017,0.5613741006877353
4860757842018,0.009158007565942296
5205916562008,0.05724479654346075
5205916562009,0.7528732813521699
5205916562010,0.009158007565942296
5205916562011,0.47791163985735513
5205916562012,0.8115161732933776
5205916562013,0.009158007565942296
5205916562014,0.5364733404999682
5205916562015,0.7466316964134461
5205916562016,0.6777364469198586
5205916562017,0.009158007565942296
5205916562018,0.570108837799667
5207955082008,0.984692926624282
5207955082009,0.9206526800883579
5207955082010,0.8556211578717674
5207955082011,0.7019387764912522
5207955082012,0.9276028846534622
5207955082013,0.9372802177104498
5207955082014,0.9240173759968747
5207955082015,0.7304080573913946
5207955082016,0.8959046713865034
5207955082017,0.8982214096148933
5207955082018,0.8956434514908543
5213577292008,0.009158007565942296
5213577292009,0.009158007565942296
5213577292010,0.009158007565942296
5213577292011,0.009158007565942296
5213577292012,0.009158007565942296
5213577292013,0.009158007565942296
5213577292014,0.7835279290497935
5213577292015,0.009158007565942296
5213577292016,0.009158007565942296
5213577292017,0.009158007565942296
5213577292018,0.009158007565942296
5213627932008,0.9160438115267799
5213627932009,0.5811766065382099
5213627932010,0.6709396074836861
5213627932011,0.6945794602692023
5213627932012,0.6527503882123704
5213627932013,0.9094037642429941
5213627932014,0.8932958390841826
5213627932015,0.009158007565942296
5213627932016,0.7294907265414914
5213627932017,0.9267283444473562
5213627932018,0.6542191014988011
5223473242008,0.5829523161363288
5223473242009,0.009158007565942296
5223473242010,0.8085880249792745
5223473242011,0.009158007565942296
5223473242012,0.7258621658026085
5223473242013,0.5321476548839783
5223473242014,0.009158007565942296
5223473242015,0.10994744984567731
5223473242016,0.7130275639244841
5223473242017,0.9019252187464728
5223473242018,0.009158007565942296
5411907712008,0.9256847238465062
5411907712009,0.9476955200520113
5411907712010,0.9004176354010051
5411907712011,0.9259850693651781
5411907712012,0.4902709918679028
5411907712013,0.7094278309208416
5411907712014,0.009158007565942296
5411907712015,0.009158007565942296
5411907712016,0.009158007565942296
5411907712017,0.009158007565942296
5411907712018,0.047458396386891366
5605323022008,0.009158007565942296
5605323022009,0.009158007565942296
5605323022010,0.009158007565942296
5605323022011,0.9097681168262376
5605323022012,0.9868058491652193
5605323022013,0.9632711102944183
5605323022014,0.8462900186194491
5605323022015,0.6491804323018062
5605323022016,0.9316927216010769
5605323022017,0.6458287434529039
5605323022018,0.22744284472469115
5613769502008,0.009158007565942296
5613769502009,0.8172185831774309
5613769502010,0.6708110260339329
5613769502011,0.9118089637342426
5613769502012,0.48832525384786385
5613769502013,0.9505741376504159
5613769502014,0.009158007565942296
5613769502015,0.009158007565942296
5613769502016,0.009158007565942296
5613769502017,0.009158007565942296
5613769502018,0.009158007565942296
5703702422008,0.009158007565942296
5703702422009,0.5383265771626591
5703702422010,0.7377138486331563
5703702422011,0.009158007565942296
5703702422012,0.009158007565942296
5703702422013,0.009158007565942296
5703702422014,0.009158007565942296
5703702422015,0.009158007565942296
5703702422016,0.009158007565942296
5703702422017,0.009158007565942296
5703702422018,0.009158007565942296
5816495412008,0.009158007565942296
5816495412009,0.009158007565942296
5816495412010,0.009158007565942296
5816495412011,0.009158007565942296
5816495412012,0.009158007565942296
5816495412013,0.009158007565942296
5816495412014,0.9455512859494178
5816495412015,0.009158007565942296
5816495412016,0.8887165115383036
5816495412017,0.009158007565942296
5816495412018,0.009158007565942296
5818476572008,0.9646638760654701
5818476572009,0.6881638798734379
5818476572010,0.009158007565942296
5818476572011,0.9469036032430163
5818476572012,0.9870529064596923
5818476572013,0.013950346454180093
5818476572014,0.009158007565942296
5818476572015,0.009158007565942296
5818476572016,0.009158007565942296
5818476572017,0.009158007565942296
5818476572018,0.39562883478142924
5820010142008,0.2687954331600347
5820010142009,0.009158007565942296
5820010142010,0.009158007565942296
5820010142011,0.009158007565942296
5820010142012,0.009158007565942296
5820010142013,0.053345003921876175
5820010142014,0.9122083607424443
5820010142015,0.696175665244077
5820010142016,0.9076629814637933
5820010142017,0.009158007565942296
5820010142018,0.9242568225195236
5821759752008,0.009158007565942296
5821759752009,0.009158007565942296
5821759752010,0.009158007565942296
5821759752011,0.520883171314915
5821759752012,0.009158007565942296
5821759752013,0.7117669596493972
5821759752014,0.009158007565942296
5821759752015,0.009158007565942296
5821759752016,0.6211673039301441
5821759752017,0.009158007565942296
5821759752018,0.009158007565942296
5822579252008,0.8521855091101347
5822579252009,0.9487478083091054
5822579252010,0.8554479917641983
5822579252011,0.8775559055852029
5822579252012,0.009158007565942296
5822579252013,0.9999675320257022
5822579252014,0.9999784683477018
5822579252015,0.992689707495301
5822579252016,0.984457745309094
5822579252017,0.9539598397668995
5822579252018,0.9726232184177176
5906244242008,0.6086242443157355
5906244242009,0.009158007565942296
5906244242010,0.009158007565942296
5906244242011,0.0977333938232485
5906244242012,0.009158007565942296
5906244242013,0.009158007565942296
5906244242014,0.009158007565942296
5906244242015,0.009158007565942296
5906244242016,0.5093602226377751
5906244242017,0.5158245602084595
5906244242018,0.8196949604787523
5908789822008,0.009158007565942296
5908789822009,0.009158007565942296
5908789822010,0.009158007565942296
5908789822011,0.009158007565942296
5908789822012,0.009158007565942296
5908789822013,0.009158007565942296
5908789822014,0.009158007565942296
5908789822015,0.009158007565942296
5908789822016,0.009158007565942296
5908789822017,0.009158007565942296
5908789822018,0.009158007565942296
5914602392008,0.6416342632788525
5914602392009,0.6128401766008814
5914602392010,0.009158007565942296
5914602392011,0.9758753159809936
5914602392012,0.009158007565942296
5914602392013,0.826144703193032
5914602392014,0.6461544545563594
5914602392015,0.009158007565942296
5914602392016,0.009158007565942296
5914602392017,0.009158007565942296
5919170162008,0.009158007565942296
5919170162009,0.009158007565942296
5919170162010,0.009158007565942296
5919170162011,0.009158007565942296
5919170162012,0.8726468241945531
5919170162013,0.009158007565942296
5919170162014,0.022025837953846987
5919170162015,0.009158007565942296
5919170162016,0.009158007565942296
5919170162017,0.009158007565942296
5919170162018,0.009158007565942296
5919435022008,0.009158007565942296
5919435022009,0.009158007565942296
5919435022010,0.5499330550278955
5919435022011,0.6227389045192203
5919435022012,0.009158007565942296
5919435022013,0.009158007565942296
5919435022014,0.009158007565942296
5919435022015,0.009158007565942296
5919435022016,0.009158007565942296
5919435022017,0.009158007565942296
5919435022018,0.009158007565942296
5927969662018,0.009158007565942296
6104447072008,0.009158007565942296
6104447072009,0.009158007565942296
6104447072010,0.017701184000919728
6104447072011,0.9538695089422587
6104447072012,0.9372733492369157
6104447072013,0.009158007565942296
6104447072014,0.5068784764119886
6104447072015,0.009158007565942296
6104447072016,0.9727649322494888
6104583762008,0.009158007565942296
6104583762009,0.009158007565942296
6104583762010,0.009158007565942296
6104583762011,0.009158007565942296
6104583762012,0.009158007565942296
6104583762013,0.009158007565942296
6104583762014,0.2090403235994985
6104583762015,0.009158007565942296
6104583762016,0.009158007565942296
6104583762017,0.9703296833807691
6104583762018,0.9079058957160131
6104829732008,0.6475957504741087
6104829732009,0.009158007565942296
6104829732010,0.009158007565942296
6104829732011,0.9415439778446162
6104829732012,0.009158007565942296
6104829732013,0.5896987236338311
6104829732014,0.9298291238517783
6104829732015,0.9399837669151369
6104829732016,0.009158007565942296
6104829732017,0.009158007565942296
6104829732018,0.009158007565942296
6204762822008,0.9250848611175587
6204762822009,0.009158007565942296
6204762822010,0.009158007565942296
6204762822011,0.97162310782321
6204762822012,0.009158007565942296
6204762822013,0.9660217563773181
6204762822014,0.958520868247864
6204762822015,0.9458996220906281
6204762822016,0.009158007565942296
6204762822017,0.9291801539578122
6311786282008,0.9931536381866383
6311786282009,0.9917219255228744
6311786282010,0.9988306672022594
6311786282011,0.8145847026772712
6311786282012,0.9945311187702299
6311786282013,0.9999997677258046
6311786282014,0.999929741320829
6311786282015,0.9960677938203613
6311786282016,0.999967379068206
6311786282017,0.9666448886823902
6311786282018,0.9998302866203718
6312196832008,0.9904067935090161
6312196832009,0.9764478188475882
6312196832010,0.9754832575346015
6312196832011,0.9671004003560417
6312196832012,0.9084626007182809
6312196832013,0.9997054332453786
6312196832014,0.9294091621571883
6312196832015,0.009158007565942296
6312196832016,0.9705558581301924
6312196832017,0.9998570999430294
6312196832018,0.9989516217461052
6360572932008,0.009158007565942296
6360572932009,0.009158007565942296
6360572932010,0.009158007565942296
6360572932011,0.009158007565942296
6360572932012,0.009158007565942296
6360572932013,0.009158007565942296
6360572932014,0.009158007565942296
6360572932015,0.009158007565942296
6360572932016,0.009158007565942296
6360572932017,0.009158007565942296
6360572932018,0.009158007565942296
6404280032008,0.009158007565942296
6404280032009,0.009158007565942296
6404280032010,0.009158007565942296
6404280032011,0.009158007565942296
6404280032012,0.009158007565942296
6404280032013,0.009158007565942296
6404280032014,0.009158007565942296
6404280032015,0.009158007565942296
6404280032016,0.7613222773167364
6404280032017,0.009158007565942296
6404280032018,0.009158007565942296
6460015872008,0.009158007565942296
6460015872009,0.009158007565942296
6460015872010,0.009158007565942296
6460015872011,0.009158007565942296
6460015872012,0.08237633370469771
6460015872013,0.009158007565942296
6460015872014,0.009158007565942296
6460015872015,0.009158007565942296
6460015872016,0.009158007565942296
6460015872017,0.3408694315541229
6460015872018,0.009158007565942296
6502676682008,0.009158007565942296
6502676682009,0.009158007565942296
6502676682010,0.009158007565942296
6502676682011,0.009158007565942296
6502676682012,0.009158007565942296
6502676682013,0.009158007565942296
6502676682014,0.009158007565942296
6502676682015,0.38633239161825406
6502676682016,0.009158007565942296
6502676682017,0.6863062017169304
6502676682018,0.6278206157702926
6800415542008,0.9757755212226029
6800415542009,0.7018653085225691
6800415542010,0.9933380375037233
6800415542011,0.9280592435729976
6800415542012,0.9357301897610474
6800415542013,0.963642029006888
6800415542014,0.8623638677399968
6800415542015,0.9851335952652612
6800415542016,0.9237483812119738
6800415542017,0.9716386610914989
6800415542018,0.9623040633336717
7102368562008,0.9999099704084708
7102368562009,0.9999977254560607
7102368562010,0.009158007565942296
7102368562011,0.8970932597503738
7102368562012,0.8221022781654593
7102368562013,0.943126369207298
7102368562014,0.6503008942750134
7102368562015,0.009158007565942296
7102368562016,0.9696340240227456
7102368562017,0.9700449471335971
7102368562018,0.9610151476372005
7306576932008,0.8171377917173632
7306576932009,0.009982077104842177
7306576932010,0.009158007565942296
7306576932011,0.6187283484619377
7306576932012,0.9187138701951951
7306576932013,0.966463981293202
7306576932014,0.9155777533011442
7306576932015,0.8942651847170282
7306576932016,0.9465680688071728
7306576932017,0.9131386708563427
7306576932018,0.9015071989378641
7315595612008,0.10863357870152429
7315595612009,0.009158007565942296
7315595612010,0.009158007565942296
7315595612011,0.009158007565942296
7315595612012,0.009158007565942296
7315595612013,0.9520187821326164
7315595612014,0.009158007565942296
7315595612015,0.3594069945182353
7315595612016,0.7154011383455389
7315595612017,0.7054619374902544
7315595612018,0.8701928171621756
7425578202008,0.009158007565942296
7425578202009,0.009158007565942296
7425578202010,0.009158007565942296
7425578202011,0.009158007565942296
7425578202012,0.7522220935154978
7425578202013,0.6722407422856754
7425578202014,0.009158007565942296
7425578202015,0.009158007565942296
7425578202016,0.009158007565942296
7425578202017,0.009158007565942296
7425578202018,0.8962165891823957
7523029282008,0.9937081859723291
7523029282009,0.9970177475012157
7523029282010,0.9445869057983985
7523029282011,0.99943175444501
7523029282012,0.997479671994661
7523029282013,0.9999655898519866
7523029282014,0.9996442376420979
7523029282015,0.9996978078902311
7523029282016,0.9998936176135209
7523029282017,0.9999999997271178
7523029282018,0.9999999361348836
7600947432008,0.9477897062914297
7600947432009,0.8532189923708141
7600947432010,0.8933899853852735
7600947432011,0.9197033685297712
7600947432012,0.9292241841616474
7600947432013,0.8891045235971657
7600947432014,0.8033465589828658
7600947432015,0.8844778696605663
7600947432016,0.9327926355756917
7600947432017,0.9086253210539522
7600947432018,0.009158007565942296
7704941402008,0.9687421467444689
7704941402009,0.9014102554656607
7704941402010,0.9562499095897729
7704941402011,0.9764097476035059
7704941402012,0.965131975783639
7704941402013,0.9602652714018565
7704941402014,0.009158007565942296
7704941402015,0.009158007565942296
7704941402016,0.663462745435862
7704941402017,0.19012768728430612
7704941402018,0.009158007565942296
8501056012008,0.7327164400424394
8501056012009,0.9618404220701304
8501056012010,0.38116853135273954
8501056012011,0.9390937636828475
8501056012012,0.009158007565942296
8501056012013,0.787547253353356
8501056012014,0.009158007565942296
8501056012015,0.7869839117593883
8501056012016,0.8580107451718689
8501056012017,0.9150747438262764
8501056012018,0.5955685760225846
8502941432008,0.9940573267006297
8502941432009,0.9947751712616559
8502941432010,0.9993677089408957
8502941432011,0.009158007565942296
8502941432012,0.009158007565942296
8502941432013,0.9999998851639625
8502941432014,0.011263462827844708
8502941432015,0.009158007565942296
8502941432016,0.9999999869178648
8502941432017,0.9977598704344626
8502941432018,0.9713085451983106
8560003212008,0.009158007565942296
8560003212009,0.9758265577945546
8560003212010,0.009158007565942296
8560003212011,0.009158007565942296
8560003212012,0.009158007565942296
8560003212013,0.999988047206872
8560003212014,0.009158007565942296
8560003212015,0.009158007565942296
8560003212016,0.9818450916760612
8560003212017,0.9999996206937125
8560003212018,0.9722723755740392
8600989232008,0.009158007565942296
8600989232009,0.009158007565942296
8600989232010,0.009158007565942296
8600989232011,0.009158007565942296
8600989232012,0.009158007565942296
8600989232013,0.4529424523081628
8600989232014,0.009158007565942296
8600989232015,0.009158007565942296
8600989232016,0.009158007565942296
8600989232017,0.009158007565942296
8600989232018,0.009158007565942296
8704744222008,0.009158007565942296
8704744222009,0.009158007565942296
8704744222010,0.009158007565942296
8704744222011,0.009158007565942296
8704744222012,0.009158007565942296
8704744222013,0.009158007565942296
8704744222014,0.009158007565942296
8704744222015,0.009158007565942296
8704744222016,0.009158007565942296
8704744222017,0.009158007565942296
8704744222018,0.009158007565942296
8805023202008,0.7109398010610183
8805023202009,0.009158007565942296
8805023202010,0.009158007565942296
8805023202011,0.009158007565942296
8805023202012,0.009158007565942296
8805023202013,0.009158007565942296
8805023202014,0.009158007565942296
8805023202015,0.009158007565942296
8805023202016,0.009158007565942296
8805023202017,0.009158007565942296
8805023202018,0.2125584138275162
9101712502008,0.009158007565942296
9101712502009,0.6840287162268619
9101712502010,0.9852851091390494
9101712502011,0.7567827177173898
9101712502012,0.009158007565942296
9101712502013,0.7674991926205292
9101712502014,0.009158007565942296
9101712502015,0.009158007565942296
9101712502016,0.009158007565942296
9101712502017,0.009158007565942296
9101712502018,0.009158007565942296
9305797222008,0.009158007565942296
9305797222009,0.009158007565942296
9305797222010,0.009158007565942296
9305797222011,0.009158007565942296
9305797222012,0.009158007565942296
9305797222013,0.009158007565942296
9305797222014,0.009158007565942296
9305797222015,0.009158007565942296
9305797222016,0.009158007565942296
9305797222017,0.009158007565942296
9305797222018,0.009158007565942296
9411962032008,0.9585669497976542
9411962032009,0.9348976173045589
9411962032010,0.8760848414592118
9411962032011,0.8999337652130515
9411962032012,0.9431624985058636
9411962032013,0.9485093967052554
9411962032014,0.959402408154063
9411962032015,0.9360975380069424
9411962032016,0.9631365514900334
9411962032017,0.9524734841320928
9411962032018,0.8697699711371775
9417294632008,0.9827515386158013
9417294632009,0.8266941433036963
9417294632010,0.9742260848678047
9417294632011,0.9859362416661009
9417294632012,0.6615097441614346
9417294632013,0.9818557860984074
9417294632014,0.009158007565942296
9417294632015,0.009158007565942296
9417294632016,0.009158007565942296
9417294632017,0.009158007565942296
9417294632018,0.009158007565942296
9427358502008,0.009158007565942296
9427358502009,0.009158007565942296
9427358502010,0.009158007565942296
9427358502011,0.4969823751434137
9427358502012,0.9879416863433554
9427358502013,0.009158007565942296
9427358502014,0.009158007565942296
9427358502015,0.9632906529198813
9427358502016,0.009158007565942296
9427358502017,0.009158007565942296
9427358502018,0.009158007565942296
9428232352008,0.009158007565942296
9428232352009,0.009158007565942296
9428232352010,0.994550894308978
9428232352011,0.009158007565942296
9428232352012,0.009158007565942296
9428232352013,0.009158007565942296
9428232352014,0.009158007565942296
9428232352015,0.009158007565942296
9428232352016,0.15531411025931827
9428232352017,0.009158007565942296
9428232352018,0.009158007565942296
9533085222008,0.5812335025534093
9533085222009,0.009158007565942296
9533085222010,0.009158007565942296
9533085222011,0.009158007565942296
9533085222012,0.009158007565942296
9533085222013,0.009158007565942296
9533085222014,0.009158007565942296
9533085222015,0.9643468851005331
9533085222016,0.009158007565942296
9533085222017,0.009158007565942296
9533085222018,0.009158007565942296
9560041492008,0.9989683862957078
9560041492009,0.9939117561767655
9560041492010,0.9983769325640897
9560041492011,0.9969105160456491
9560041492012,0.9947809000612932
9560041492013,0.9991590956451116
9560041492014,0.9999999981236289
9560041492015,0.995866146108683
9560041492016,0.9569845137453004
9560041492017,0.9994525703158412
9560041492018,0.979807623566575
