Unique Id,DIST
52008,0.0012410597288947704
52009,0.0003040867827082181
52010,0.0012410596536422196
52011,0.0012349199038481256
52012,0.0003012618414106163
52013,0.00030492838922003266
52014,0.00030173957821344666
52015,0.00033234464231742244
52016,0.0012410574451046565
52017,0.00021714232726086454
52018,0.0012409648984660945
82008,0.0012410597130160905
82009,0.00030123279777967394
82010,1.1786570088091409e-05
82011,1.1786556563193809e-05
82012,0.00030123857140549546
82013,0.00030112990159336086
82014,1.1795188697752991e-05
82015,0.001240701805444336
82016,0.0012410597289802695
82017,0.0004046386421661897
82018,0.0012409762850587357
132008,0.00034853825498405884
132009,0.0001913432047014004
132010,1.1812854592103565e-05
132011,0.0003012596328433404
132012,0.0004730527960442131
132013,0.0012410592349167274
132014,0.00030099329116625614
132015,1.1786556562732989e-05
132016,0.00024817590017812535
132017,0.0012410597023806702
132018,0.0012410597289798765
152008,0.00030501512779941304
152009,0.001241043450539513
152010,0.0012410597289802838
152011,0.0012410597234148407
152012,9.737288977955334e-05
152013,0.0012410597289802838
152014,0.0012410597289802838
152015,0.0012425432765413977
152016,0.0012410597289802838
152017,0.0012410597289802838
202008,0.0012410597289802838
202009,0.914309733533535
202010,0.0012410597289802838
202011,0.4821608383579729
202012,0.0012410597289802838
202013,0.914309733533535
202014,1.1786556562788304e-05
202015,1.1786556562757317e-05
202016,0.914309733533535
202017,0.9143086954580671
202018,0.9143097335287254
222008,0.0012410597289802838
222009,0.0012410597287168923
222010,0.0012410597289802838
222011,0.0003012157992958369
222012,0.0003006792777466727
222013,0.914309733533535
222014,1.1786560424967027e-05
222015,1.1786556562711254e-05
222016,0.00030121395349103053
222017,0.00030125357686501905
222018,0.00030125240111329585
232008,0.0012372919968635448
232009,1.1786556564690001e-05
232010,0.0012410597289802838
232011,0.001241059728625993
232012,0.00016021410404780436
232013,0.0003012601724532295
232014,1.1786556562720173e-05
232015,0.0012406387972163653
232016,0.0012410597289802838
232017,0.0012410597289802838
232018,0.0012410576115491588
432300352008,0.0012410597289802838
432300352009,0.0012410597289802838
432300352010,0.0012410597289802838
432300352011,0.0012410597289802838
432300352012,0.0012410597289802838
432300352013,0.0012410597289802838
432300352014,0.0012410597289802838
432300352015,0.0012410597289802838
432300352016,0.0012410597289802838
432300352017,0.0012410597289802838
432300352018,0.0012410597289802838
433585662008,0.0012410597289802838
433585662009,0.0008814917414724694
433585662010,0.0012410597289802838
433585662011,0.0012130636786145926
433585662012,0.0012410597289802838
433585662013,0.914309733533535
433585662014,0.0012410597289802838
1316240962008,0.001241059725600332
1316240962009,0.00030120617862227093
1316240962010,0.00029718534699419075
1316240962011,0.0012410239933218995
1316240962012,0.0003009189859532111
1316240962013,0.0012410597289796222
1316240962014,0.0012399274090930115
1316240962015,0.0012410597289802838
1316240962016,0.001240458058280241
1316240962017,1.1799508637984179e-05
1316240962018,0.0012410597289802838
1413385472008,0.0003029027787325636
1413385472009,1.7797560536651088e-05
1413385472010,0.00030126112073704974
1413385472011,1.6138910480297076e-05
1413385472012,1.21155412124754e-05
1413385472013,0.001241059717302709
1413385472014,0.00030154047280934386
1413385472015,0.0003012964328903787
1413385472016,0.0011553253076456295
1413385472017,1.3123056596794903e-05
1413385472018,0.00030109757207588206
1416417302008,0.0012410597289802838
1416417302009,0.0003012647667908273
1416417302010,0.0011943103497072834
1416417302011,0.0012330926934200311
1416417302012,0.0012410580948118938
1416417302013,0.0012410597289802838
1416417302014,0.001241059728953602
1416417302015,0.0012410597289802838
1416417302016,0.0012410597289802079
1416417302017,0.0012410597289785102
1416780682008,0.0012410597289802838
1416780682009,0.0012410597094821617
1416780682010,0.0012410597289802838
1416780682011,0.001241059505242961
1416780682012,0.001241059728980219
1416780682013,0.0012410597244768423
1416780682014,0.0012306057915166726
1416780682015,0.0003012606319085282
1416780682016,0.00030984901988495524
1416780682017,0.0012410597288975622
1416780682018,0.0012410597168772584
2011064262008,1.1786556562749696e-05
2011064262009,0.0012410597289796276
2011064262010,0.0012410597289040268
2011064262011,0.0012410597289802838
2011064262012,0.0012410597289657628
2011064262013,0.0012410596738043618
2011064262014,0.0003074702790094641
2011064262015,0.00030136984010631064
2011064262016,0.0002749536824126125
2011064262017,0.001241059728971057
2011064262018,0.0012410597289802838
2225946722008,0.00030087555708384973
2225946722009,0.0012410594100765707
2225946722010,0.00039449212027117575
2225946722011,0.0012410506872488063
2225946722012,0.0012410418728261436
2225946722013,0.0012410597289802827
2225946722014,0.001241059728979785
2225946722015,0.0012410597289802838
2225946722016,0.0012410597289131127
2225946722017,0.0012410597289802838
2225946722018,0.0012410597289802838
2228619782008,0.001241053108781476
2228619782009,0.0012410597289010477
2228619782010,0.0012410597289802838
2228619782011,0.0012410597289802838
2228619782012,0.0012410597289802838
2228619782013,0.0012410597289802838
2228619782014,0.0012410597289802838
2228619782015,0.0012410597289802838
2228619782016,0.0012410597289802838
2228619782017,0.0012410597289802838
2228619782018,0.0012410597289802838
2370640102017,1.1786562052809156e-05
2373791612008,0.0012410598382460785
2373791612009,0.0012410597289802838
2373791612010,0.914309733533535
2373791612011,0.0012410597289802838
2373791612012,0.0012410582013951325
2373791612013,0.00030188771516885977
2373791612014,0.0003010759082680979
2373791612015,0.0012410597289792148
2373791612016,0.00022784395664046339
2373791612017,0.0012410597289802838
2373791612018,0.0012410477441093105
2514236572008,0.0012410597289802838
2514236572009,0.0012410597289802838
2514236572010,0.0012410597289802838
2514236572011,0.001241059728980178
2514236572012,0.0012410597289802838
2514236572013,0.0012410597289802838
2514236572014,0.0012410597289802838
2514236572015,0.0012410597289802838
2514236572016,0.0012410597289802838
2514236572017,0.914309733533535
2514236572018,0.0012410597289802838
2515224452008,0.4821608383579729
2515224452009,0.0012410597253826562
2515224452010,0.00026511853222492614
2515224452011,1.178655811214526e-05
2515224452012,0.0003012594975649596
2515224452013,1.1786557331734029e-05
2515224452014,1.2734079711711231e-05
2515224452015,4.25218645804649e-05
2515224452016,0.0003012786128349034
2515224452017,1.1786556563268136e-05
2515224452018,1.1786730041168622e-05
2604463912008,0.000661489073491166
2604463912009,0.0012374371325885377
2604463912010,0.0012399923634222388
2604463912011,0.0012410597289802838
2604463912012,0.914309733533535
2604463912013,0.00031197898441566804
2604463912014,0.0012410597289802838
2604463912015,0.0012410584514414916
2604463912016,0.0012410597289802838
2604463912017,0.0012410597289802838
2604463912018,0.0012410597289802838
2605868122008,0.0012410597289802838
2605868122009,0.0012410597289793052
2605868122010,0.0012410596706200342
2605868122011,0.0012410597289802838
2605868122012,0.0012410597289802838
2605868122013,0.914309733533535
2605868122014,0.0012410597289802838
2605868122015,0.0012410597289802838
2605868122016,0.914309733533535
2605868122017,0.914309733533535
2605868122018,0.914309733533535
2739883362009,1.1786556562711422e-05
2739883362010,1.195144605731565e-05
2739883362011,0.00030126067513175733
2739883362012,0.0003099080545506288
2739883362013,0.0012410597289802838
2739883362014,0.0012410597289802838
2739883362015,0.0012410597289802838
2739883362016,0.0012410597289802012
2739883362017,0.0003017824388384327
2739883362018,0.00030105041989747126
3116261792008,0.0012410597289802838
3116261792009,0.0012410597289802838
3116261792010,0.0012410597289802838
3116261792011,0.0012410597289802838
3116261792012,0.0012410597289802838
3116261792013,0.0012410597289802838
3116261792014,0.0012410597289802838
3116261792015,0.0012410597289802838
3116261792016,0.0012410597312061138
3116261792017,0.0012410597289802838
3116261792018,0.0012410597289802838
3143949422008,1.1787665537876308e-05
3143949422009,0.00030134153639739135
3143949422010,0.00029186378677566454
3143949422011,3.1058550903533885e-05
3143949422012,0.00030214163799892845
3143949422013,0.0003759288307967072
3143949422014,0.0012410597285103947
3143949422015,0.0012410469271564267
3143949422016,0.0005626391241451222
3143949422017,0.0006738948839854893
3143949422018,0.0012410597289644867
3414258702008,0.00030129332113456453
3414258702009,0.0003015666890502888
3414258702010,0.0012366138674698884
3414258702011,1.17865565678933e-05
3414258702012,0.0011383318683110175
3414258702013,0.0012405967878740948
3414258702014,0.0003017552680153595
3414258702015,0.0012410597289801285
3414258702016,0.0002935359792765713
3414258702017,0.0012410597289802838
3414258702018,0.0012410597289802695
3415176712008,0.0012410597289802838
3415176712009,0.0012410597289802838
3415176712010,0.00040157798988538804
3415176712011,0.0012410597289802838
3415176712012,0.0012410597289802838
3415176712013,0.0012410597289802838
3415176712014,0.0012410597289802684
3415176712015,0.48215475611705627
3415176712016,0.4821608383579729
3415176712017,0.4821571202136346
3415176712018,0.0012410597289802838
3508681332008,1.1786556562721097e-05
3508681332009,0.001240999318094547
3508681332010,1.1786556562711296e-05
3508681332011,0.8811146304458927
3508681332012,1.359915437063838e-05
3508681332013,0.0012410597289802838
3508681332014,0.0012410597289802838
3508681332015,0.00030125681815849355
3508681332016,0.0012410597289802838
3508681332017,0.4821608383579729
3508681332018,0.0012410593970260302
3513304722008,0.00030126033140677287
3513304722009,1.1802654613434032e-05
3513304722010,0.0003012202524393285
3513304722011,0.0012410597289802838
3513304722012,0.0012410597289801131
3513304722013,0.001241059728980023
3513304722014,0.0003000436512215192
3513304722015,0.00030125561461036857
3513304722016,0.001241059728375011
3513304722017,0.001241059728979991
3513304722018,0.001241059712117044
3519723842008,0.0012410597289802838
3519723842009,0.0012410597385586317
3519723842010,1.178655656271159e-05
3519723842011,1.1786556562712008e-05
3519723842012,1.1786556562826576e-05
3519723842013,0.00030136522196170113
3519723842014,0.0012410597289802838
3519723842015,1.189943202327968e-05
3519723842016,0.0012410597289802838
3519723842017,0.0012410597289802838
3519723842018,0.0012410597289802838
3622226962008,0.00030126325505882423
3622226962009,0.0012410597289802838
3622226962010,0.0003012340787764534
3622226962011,0.0006063136171309564
3622226962012,0.0012410597289802838
3622226962013,0.0003012528131004276
3622226962014,0.0012410597217847564
3622226962015,0.0012410597016499613
3622226962016,0.0012410597289802838
3622226962017,0.0012410597289802838
3622226962018,0.00030098583015253556
3624149442008,0.0012410307691857457
3624149442009,0.001241059654036827
3624149442010,0.000301181140757861
3624149442011,0.00034497673830504637
3624149442012,1.7353060969603577e-05
3624149442013,0.0003011529803716383
3624149442014,0.0012410597273471312
3624149442015,0.0003006546866192445
3624149442016,0.0012410597289802838
3624149442017,0.00022704644747740727
3624149442018,0.0002961510000025071
3706189392008,0.0012410597036208678
3706189392009,0.000300777065277266
3706189392010,1.1786570708495126e-05
3706189392011,1.1786556562852748e-05
3706189392012,0.001151178395990421
3706189392013,4.153161332491191e-05
3706189392014,0.00030117238101226915
3706189392015,0.00030130046285632944
3706189392016,0.0003019247940483463
3706189392017,0.0012410597289802838
3706189392018,7.786829853372127e-05
3706735122008,0.0012410597289802838
3706735122009,0.4821608383579729
3706735122010,0.4821608383579729
3706735122011,0.4786928500163866
3706735122012,1.1786556562711296e-05
3706735122013,0.48216083716457964
3706735122014,0.0012410597289802838
3706735122015,0.0012410597289802838
3706735122016,0.0012410597289802838
3706735122017,0.0012410597289802838
3710586922008,0.0012410597289750974
3710586922009,0.0012410597289802838
3710586922010,0.0012410597289802827
3710586922011,0.0012410597289802838
3710586922012,0.0012410597289802838
3710586922013,0.0012410597289723253
3710586922014,0.0012410597289802838
3710586922015,0.0012410597289802838
3710586922016,0.0012410597289802838
3710586922017,0.0012410597289802838
3710586922018,0.0012410597289802838
3828000652008,0.0012410597289802838
3828000652009,0.00030123761962158146
3828000652010,1.1786556562711254e-05
3828000652011,1.1786582861426826e-05
3828000652012,0.0003012197607562537
3828000652013,2.00601334493289e-05
3828000652014,1.8550688443900673e-05
3828000652015,0.00030097361790562544
3828000652016,1.1786556562711254e-05
3828000652018,0.00030120961094083995
3920144092009,0.0012410597289802838
3920144092010,0.0012410597289802827
3920144092011,0.0012410597289802838
3920144092012,0.0012410597289802838
3920144092013,0.0012410597289802
3920144092014,0.0012410597289802838
3920144092015,0.0012410283559093804
3920144092016,0.0012410597289802309
3920144092017,0.0012410597289801307
3920144092018,0.0012410597289802179
4107306022008,1.1786560989423638e-05
4107306022009,0.0012410597274756553
4107306022010,0.914309733533535
4107306022011,0.0011444295794941467
4107306022012,0.0012410597289802838
4107306022013,0.00029989227411997916
4107306022014,0.00012355958632876215
4107306022015,0.0003007320848964318
4107306022016,0.0012410597289802838
4107306022017,0.0007256395077530442
4116938382008,0.0012410597289802838
4116938382009,0.0012410597289802838
4116938382010,0.0012410597289310838
4116938382011,0.0012410597289802805
4116938382012,0.0012410597289802838
4116938382013,0.0012410597289802827
4116938382014,0.0012410597289571393
4116938382015,0.0012410597289802838
4116938382016,0.0012410597289802838
4116938382017,0.0012410597289802838
4116938382018,0.0012410597289802838
4117246372008,0.0012410597289802838
4117246372009,0.0004278406716777011
4117246372010,0.00028373831304373586
4117246372011,0.0003012714334779989
4117246372012,0.914309733533535
4117246372013,1.178655656271159e-05
4117246372014,0.0012410596985619293
4117246372015,0.0003009448149836462
4117246372016,0.914309733533535
4117246372017,1.1786556562711254e-05
4117246372018,1.1786556562722018e-05
4118042052008,1.1786591532449607e-05
4118042052009,1.1786567618781142e-05
4118042052010,1.3799283775222192e-05
4118042052011,1.179077707457607e-05
4118042052012,1.1885693581830814e-05
4118042052013,1.1786556562747729e-05
4118042052014,1.178655656517825e-05
4118042052015,6.524698355308244e-05
4118042052016,1.1786556562713893e-05
4118042052017,1.1795114190433811e-05
4118042052018,1.1786556562711296e-05
4119492302008,1.1786556562711383e-05
4119492302009,3.616805204942849e-05
4119492302010,1.1786556562711254e-05
4119492302011,1.1786822077794546e-05
4119492302012,1.1786556562713434e-05
4119492302013,0.0012157973736787152
4119492302014,1.1786556562711254e-05
4119492302015,1.1786556562711254e-05
4119492302016,0.00030081892173960186
4119492302017,0.0012134282823503266
4119492302018,0.00030126386234888026
4206803702008,0.00032392643776343785
4206803702009,0.00030121644931863323
4206803702010,1.1786556562711339e-05
4206803702011,1.1819993454577424e-05
4206803702012,0.0012410597289802838
4206803702013,1.2102821343863887e-05
4206803702014,0.00021838328767078837
4206803702015,0.0003011479394436527
4206803702016,1.2878270451157427e-05
4206803702017,1.1786556562711296e-05
4208198192008,0.4821608383579729
4208198192009,0.00026206284435092455
4208198192010,1.1786556562711254e-05
4208198192011,1.1786556562882141e-05
4208198192012,0.0012410597289798247
4208198192013,0.0002787523564949501
4208198192014,0.0012410597289802838
4208198192015,1.178655656278755e-05
4208198192016,0.00028831143708489516
4208198192017,0.00030125866706990983
4208198192018,1.1786556957466572e-05
4213197872008,0.4821608383579729
4213197872009,0.001241059561138333
4213197872010,0.914309733533535
4213197872011,0.0012410597289802838
4213197872012,0.0012410597289802838
4213197872013,0.914309733533535
4213197872014,0.00030126281857776124
4213197872015,0.0012410597289802827
4213197872016,0.914309733533535
4213701082008,0.0012410597289802838
4213701082009,0.0012410597289802838
4213701082010,0.0012410597289802838
4213701082011,0.0012410597289802838
4213701082012,0.914309733533535
4213701082013,1.2103359138546146e-05
4213701082014,0.0012410597289802838
4213701082015,0.0004096896931918629
4213701082016,0.0012410597289802838
4213701082017,0.0012410597289802838
4213701082018,0.0012410597289802838
4214084022008,1.178655656456329e-05
4214084022009,1.1786556562711254e-05
4214084022010,1.1786657542933624e-05
4214084022011,1.178655786632327e-05
4214084022012,1.1786556716958303e-05
4214084022013,1.4771320067003923e-05
4214084022014,0.0002554048949292114
4214084022015,1.1841733572445522e-05
4214084022016,1.1786556562711927e-05
4214084022017,0.0002612119208031753
4214084022018,2.6372494152069423e-05
4214188472008,0.0003042815571101016
4214188472009,0.00030124701596257955
4214188472010,0.0012410249517424863
4214188472011,0.0012406788458823256
4214188472012,0.0012410597289802827
4214188472013,0.0012410594030910743
4214188472014,0.0012410597289788316
4214188472015,0.00029625671318323204
4214188472016,0.0006683557490115526
4214188472017,0.0012410597289802838
4214188472018,0.0012410597289759582
4214699582008,0.4821391953050036
4214699582009,0.0012410597289802838
4214699582010,0.00030110117781752174
4214699582011,1.1787357202906072e-05
4214699582012,1.1787082516728128e-05
4214699582013,1.178655656271159e-05
4214699582014,3.6610442704021855e-05
4214699582015,1.1786556562711254e-05
4214699582016,0.0012410597289802838
4214699582017,0.0012410597289802365
4214699582018,0.0012410597289802838
4214731422008,0.00030120098981020613
4214731422009,1.17865565630117e-05
4214731422010,0.0012410597289802838
4214731422011,0.48216083835796897
4214731422012,0.0012410597289802838
4214731422013,0.001241059728972792
4214731422014,0.00029792462750831135
4214731422015,1.317501922199925e-05
4214731422016,0.0012410033154485172
4214731422017,0.0012410597289802838
4214731422018,0.4821608383579729
4260062192008,0.00035850064169643025
4260062192009,0.00124105972642652
4260062192010,0.0012410597289802838
4260062192011,0.0012410597289802838
4260062192012,0.0012410597289802838
4260062192013,0.0012410597289802838
4260062192014,0.0012410597289802838
4260062192015,0.0012408898052595372
4260062192016,1.1809808510904868e-05
4260062192017,0.0012410597289717593
4260062192018,0.0012409282159635561
4405452892008,1.1786556562711254e-05
4405452892009,8.860966658729685e-05
4405452892010,0.00030123762192827417
4405452892011,1.1786556562832061e-05
4405452892012,0.0002952931391346091
4405452892013,0.00030126877777813903
4405452892014,0.0003314386419557222
4405452892015,1.1789137627692973e-05
4405452892016,0.00030125838413817336
4405452892017,0.0012410597289802838
4405452892018,0.0012410597289802827
4405463662008,1.2047720082236541e-05
4405463662009,1.1786559080041977e-05
4405463662010,1.1787132276567938e-05
4405463662011,0.0003005620682957812
4405463662012,0.00030116794216188933
4405463662013,0.0003038058473927592
4405463662014,0.0003012523963121812
4405463662015,0.0012409368738632404
4405463662016,0.0012410597289802617
4405463662017,0.0003011945705387066
4405463662018,0.001187603855672683
4406559862008,0.0012410597284093926
4406559862009,0.0012410597289700088
4406559862010,1.178655656358265e-05
4406559862011,0.00030111922680844965
4406559862012,0.0012410597289802716
4406559862013,0.0003012476234507738
4406559862014,0.0012410597289802838
4406559862015,0.0003012973916265567
4406559862016,0.914309733533535
4406559862017,0.0012410597289793568
4406559862018,0.914309733533535
4528807262008,0.0012410594883662074
4528807262009,0.0012410597289802716
4528807262010,0.0012410597289802827
4528807262011,0.0012410597289652981
4528807262012,0.0012253788366917014
4528807262013,0.0012410597289800888
4528807262014,0.0012410597289802838
4528807262015,0.0012410434330654002
4528807262016,0.0012410597289802738
4528807262017,0.001241059724791627
4528807262018,0.0012410597289802608
4707968752008,4.7350478326859436e-05
4707968752009,7.768955447417513e-05
4707968752010,0.0012410575896297637
4707968752011,0.0003005932958888883
4707968752012,0.0012410541957577302
4707968752013,0.00030145900009755013
4707968752014,0.0003007875478524934
4707968752015,0.00030319886596334527
4707968752016,0.00048639022083694553
4707968752017,0.0011759647652089047
4707968752018,0.0012410597289802838
4805776582008,0.0012382898345246508
4805776582009,1.1786556562711254e-05
4805776582010,0.0012410597289802838
4805776582011,0.0012410480697557218
4805776582012,0.0012410597289802838
4805776582013,0.914309733533535
4805776582014,1.1786556562720804e-05
4805776582015,0.0012561293726929253
4805776582016,0.0012411200900738788
4805776582017,0.0012410597289802838
4805776582018,0.914309733533535
4805776642008,1.178659369574854e-05
4805776642009,1.643044507298057e-05
4805776642010,7.554537522317105e-05
4805776642011,0.000301336434896368
4805776642012,1.4499618997375624e-05
4805776642013,0.00025894983797989746
4805776642014,0.00029799464566785457
4805776642015,0.00123512586654545
4805776642016,0.0003538726532339306
4805776642017,0.0003012239383070237
4805776642018,0.0012410597289802838
4811198792008,0.0012410597289801472
4811198792009,0.0003012602442099003
4811198792010,0.00030120935881660315
4811198792011,0.0012410597289802838
4811198792012,0.00028115560163188694
4811198792013,0.00030125851160459706
4811198792014,0.0012410597289802838
4811198792015,0.914309733533535
4811198792016,0.0012410597289995542
4811198792017,0.914309733533535
4811198792018,0.914309733533535
4860757842008,0.00020087369548451472
4860757842009,1.1786620099787779e-05
4860757842010,1.1786556562711254e-05
4860757842011,1.1786556562711339e-05
4860757842012,1.1786556562711296e-05
4860757842013,1.1786556568773154e-05
4860757842014,2.2517734968237283e-05
4860757842015,1.1786600784438166e-05
4860757842016,0.0012410597289802838
4860757842017,0.0012410597184291713
4860757842018,0.0012410366426582175
5205916562008,0.0012410597289802838
5205916562009,0.0012410597289802838
5205916562010,0.0012410597289091824
5205916562011,0.0012410597289802838
5205916562012,0.0012410597289802838
5205916562013,0.0012410597280261178
5205916562014,0.0012410597289802838
5205916562015,0.0012410597289802838
5205916562016,0.0012410597289802838
5205916562017,0.0012410597289802838
5205916562018,0.0012410597289802838
5207955082008,0.0012410597289802838
5207955082009,0.0012410597289802838
5207955082010,0.0012410597289802781
5207955082011,0.00124105972896978
5207955082012,0.0012410597289802838
5207955082013,0.0012410597289802838
5207955082014,0.0012410597289802838
5207955082015,0.0012410597289802838
5207955082016,0.0012410597289802838
5207955082017,0.0012410597289802838
5207955082018,0.0012410597289802838
5213577292008,0.0002631727217365059
5213577292009,1.1940814219645006e-05
5213577292010,1.2464772533773417e-05
5213577292011,5.045444343684812e-05
5213577292012,0.00030124040948244023
5213577292013,1.2657220987972705e-05
5213577292014,0.0012410597289802838
5213577292015,1.1786556562711296e-05
5213577292016,0.00022514419070958797
5213577292017,0.0003006896796517421
5213577292018,0.00030182227428607203
5213627932008,0.0012410597289802838
5213627932009,0.0012410597289802838
5213627932010,0.0012410597289802838
5213627932011,0.0012410597289802838
5213627932012,0.0012410597289802838
5213627932013,0.0012410597289802838
5213627932014,0.0012410597289802838
5213627932015,0.0012410597289802838
5213627932016,0.0012410597289802838
5213627932017,0.4821608383579729
5213627932018,0.0012410597289802838
5223473242008,0.0012410597275513673
5223473242009,0.001241026543701422
5223473242010,0.0012410597289802838
5223473242011,0.00030194165869984723
5223473242012,0.0012410597289802838
5223473242013,0.0012410597289775613
5223473242014,1.1786559811352719e-05
5223473242015,0.0012410597266284409
5223473242016,0.0012410597289802838
5223473242017,0.0012410597289802838
5223473242018,0.0012410471157089157
5411907712008,0.0012410597289802838
5411907712009,0.0012410597289802838
5411907712010,0.0012410597289802838
5411907712011,0.0012410597289802838
5411907712012,0.0012410597289787832
5411907712013,0.0012410597289802838
5411907712014,0.0012409228012124362
5411907712015,0.0012410597282564051
5411907712016,1.1786895926664326e-05
5411907712017,0.00030123582962679143
5411907712018,0.001241059728894352
5605323022008,0.001203331738570619
5605323022009,0.0003012709685665101
5605323022010,0.00030126051812307214
5605323022011,0.0012410597289802838
5605323022012,0.9143088398056701
5605323022013,0.0012410597289802838
5605323022014,0.0012410597289802838
5605323022015,0.0012410597289802838
5605323022016,0.0012410597289802838
5605323022017,0.0012410597289802838
5605323022018,0.0012410597289802838
5613769502008,0.0003012098629643108
5613769502009,0.0012410597289802838
5613769502010,0.0012410597289802838
5613769502011,0.0012410597289802838
5613769502012,0.0012410597289802838
5613769502013,0.9143048861360518
5613769502014,0.0012410597289619547
5613769502015,0.0012410597215187535
5613769502016,0.0012410581530871716
5613769502017,0.0012410445375179578
5613769502018,0.0012410597289802727
5703702422008,0.00031921885973637716
5703702422009,0.0012410597289802597
5703702422010,0.0012410597289802838
5703702422011,0.0012410597289704054
5703702422012,0.001241059656780538
5703702422013,0.0008788957330847721
5703702422014,1.250511471117205e-05
5703702422015,1.1787181349959564e-05
5703702422016,0.00026402573762983973
5703702422017,0.001241059315259306
5703702422018,0.0012410597287264272
5816495412008,1.1786556631171012e-05
5816495412009,1.178655656335452e-05
5816495412010,1.1786556562711296e-05
5816495412011,1.178655659506117e-05
5816495412012,1.178655656271335e-05
5816495412013,6.674957644726153e-05
5816495412014,0.0012410597289802838
5816495412015,1.178655868933407e-05
5816495412016,0.0012410597289802827
5816495412017,0.00028615175445565285
5816495412018,0.00030125902531815806
5818476572008,0.0012410597289802838
5818476572009,0.001241059728290748
5818476572010,0.00030125824378984296
5818476572011,0.0012410597289802838
5818476572012,0.0012410597289802838
5818476572013,0.0012398689251750669
5818476572014,0.0002572489859965738
5818476572015,1.207224612687594e-05
5818476572016,0.0007469984631949221
5818476572017,0.0002986197215848006
5818476572018,0.0012410597289802794
5820010142008,0.00031727110875227416
5820010142009,1.1786556562861958e-05
5820010142010,1.1786556562997253e-05
5820010142011,0.000277346667559313
5820010142012,0.0003012558350144549
5820010142013,0.0003013312512017264
5820010142014,0.0012410597289790849
5820010142015,0.0012410531504404817
5820010142016,0.0012410597289777307
5820010142017,1.1786556565958065e-05
5820010142018,0.0012410597289802838
5821759752008,1.1788048470231385e-05
5821759752009,0.00023009524578593898
5821759752010,0.0003013299542187856
5821759752011,0.001240954518902175
5821759752012,1.1908507873795037e-05
5821759752013,0.0012410597234928736
5821759752014,0.0002992324475363584
5821759752015,1.1786556590000557e-05
5821759752016,0.0009405944609002222
5821759752017,0.0003012097856511442
5821759752018,0.00030125580185074547
5822579252008,0.0012410597289802827
5822579252009,0.0012410597289802838
5822579252010,0.0012410597289802827
5822579252011,0.0012410597289802838
5822579252012,0.0003085202171002842
5822579252013,0.914309733533535
5822579252014,0.914309733533535
5822579252015,0.914309733533535
5822579252016,0.46426438738978015
5822579252017,0.0012410597289802838
5822579252018,0.48214893056794667
5906244242008,0.0012410597289802838
5906244242009,1.1797662678670832e-05
5906244242010,0.0002869589506356781
5906244242011,0.0012410597289802838
5906244242012,0.0012409427348650743
5906244242013,0.0003010708489016483
5906244242014,0.0012410597289802198
5906244242015,0.0012410597289802827
5906244242016,0.0012410597289802838
5906244242017,0.0012410597289802838
5906244242018,0.0012410597289802838
5908789822008,0.0003019783019637403
5908789822009,0.0012410597289736617
5908789822010,0.0012410535050536367
5908789822011,0.0003014354533674805
5908789822012,0.00030125462511839724
5908789822013,0.0011887466643028817
5908789822014,0.0003003561903368224
5908789822015,2.1806359476471926e-05
5908789822016,0.0012410597288133576
5908789822017,0.001241059459949834
5908789822018,0.0012410596715725286
5914602392008,0.0012410597289802805
5914602392009,0.0012410597289802781
5914602392010,0.0012351112945654251
5914602392011,0.914309733533535
5914602392012,0.00030125272830750427
5914602392013,0.0012410597289802838
5914602392014,0.0012410597260489493
5914602392015,1.1786587058712237e-05
5914602392016,1.1786556562711254e-05
5914602392017,0.0002509025910510665
5919170162008,0.00123752232168362
5919170162009,0.00030083341467426863
5919170162010,0.0003012557400369346
5919170162011,0.0003012499512347174
5919170162012,0.009595132688312727
5919170162013,0.001240985570999911
5919170162014,0.001241059728980252
5919170162015,0.0012410597194318545
5919170162016,0.0005210660297659541
5919170162017,0.0012366148721155794
5919170162018,0.00030157410060393716
5919435022008,0.0012410597289238257
5919435022009,0.0012410597289798577
5919435022010,0.0012410597289802838
5919435022011,0.0012410597289802838
5919435022012,0.0011734461831247372
5919435022013,0.0003012459338046648
5919435022014,0.0010770910942667143
5919435022015,2.024478733097096e-05
5919435022016,0.00030125667182315816
5919435022017,0.0003051794935727233
5919435022018,0.001240986506318637
5927969662018,0.00030182836781076234
6104447072008,0.0012410597289802838
6104447072009,0.000357703618809759
6104447072010,0.0012410258051252455
6104447072011,0.0012410597289802838
6104447072012,0.0012410597289802838
6104447072013,0.0012400029537083022
6104447072014,0.0012401727521141512
6104447072015,0.001240958612887687
6104447072016,0.017095766768609445
6104583762008,0.0003012631155218048
6104583762009,1.1786577665582839e-05
6104583762010,1.1788325401867283e-05
6104583762011,1.178689661510192e-05
6104583762012,0.00042315043412917945
6104583762013,0.00030126296802616373
6104583762014,0.0012410574324690639
6104583762015,0.00030128940384040854
6104583762016,0.0011989322461136889
6104583762017,0.0012410597289802838
6104583762018,0.0012410597289802838
6104829732008,0.0012410597285131945
6104829732009,1.1788267420011192e-05
6104829732010,0.0003013338139777186
6104829732011,0.0012410597289802838
6104829732012,0.0003012461494333528
6104829732013,0.001241059728979818
6104829732014,0.0012410597289802838
6104829732015,0.0012410597289802838
6104829732016,0.001241059728940641
6104829732017,0.0012410597289801131
6104829732018,0.00032313670433675273
6204762822008,0.0012410597289802827
6204762822009,1.1786557103899894e-05
6204762822010,0.0012410336782874426
6204762822011,0.0012410597289802838
6204762822012,0.0003012669851762197
6204762822013,0.0012410597289802838
6204762822014,0.0012410597289802838
6204762822015,0.0012410597289802838
6204762822016,0.0009573510807382102
6204762822017,0.0012410597289802838
6311786282008,0.914309733533535
6311786282009,0.914309733533535
6311786282010,0.914309733533535
6311786282011,0.0012410597289802838
6311786282012,0.914309733533535
6311786282013,0.914309733533535
6311786282014,0.914309733533535
6311786282015,0.914309733533535
6311786282016,0.914309733533535
6311786282017,0.0012410597289802838
6311786282018,0.914309733533535
6312196832008,0.0012410597289972522
6312196832009,0.0012410597289802838
6312196832010,0.48218135706965437
6312196832011,0.4821608383579729
6312196832012,0.0012410597289802838
6312196832013,0.914309733533535
6312196832014,0.0012410597289802838
6312196832015,0.0012410597286231196
6312196832016,0.0012410764122986137
6312196832017,0.914309733533535
6312196832018,0.914309733533535
6360572932008,0.0012410597289329696
6360572932009,1.1786729748683973e-05
6360572932010,1.1786556563074218e-05
6360572932011,1.1786556562712133e-05
6360572932012,1.1786556562733826e-05
6360572932013,1.1786556562711254e-05
6360572932014,1.1786556562711254e-05
6360572932015,1.1786556562714522e-05
6360572932016,1.1786556564439428e-05
6360572932017,1.1786556562711254e-05
6360572932018,1.1786556563051438e-05
6404280032008,6.78054101426901e-05
6404280032009,1.1786625289362462e-05
6404280032010,1.1786556573139624e-05
6404280032011,1.1786557397005187e-05
6404280032012,0.00010515236614632002
6404280032013,2.2040309362543973e-05
6404280032014,0.00013352327616468138
6404280032015,0.0003013618622867352
6404280032016,0.0012410597289802
6404280032017,0.0012410575902409673
6404280032018,0.0003009099155061753
6460015872008,0.0012378101165878255
6460015872009,0.00030154808282689986
6460015872010,1.1910455318685746e-05
6460015872011,0.0003012492472600354
6460015872012,0.001241059691159777
6460015872013,0.00030126282408767663
6460015872014,0.00030125100956760755
6460015872015,1.1791891744047192e-05
6460015872016,1.1820366299353265e-05
6460015872017,0.0012410597289802122
6460015872018,0.001240439960773341
6502676682008,0.0003012484224508467
6502676682009,0.0002863204928491207
6502676682010,1.2053220160928848e-05
6502676682011,0.00022656835154306835
6502676682012,0.0012410597273784323
6502676682013,0.0003012543326902394
6502676682014,0.0011330112082164204
6502676682015,0.0012410597289802738
6502676682016,0.0012410597289802738
6502676682017,0.0012410597289802838
6502676682018,0.0012410597289802838
6800415542008,0.0012410597289802838
6800415542009,0.0012410597289795142
6800415542010,0.914309733533535
6800415542011,0.0012410597289802838
6800415542012,0.0012410597289802838
6800415542013,0.48216083835798057
6800415542014,0.0012410597289802838
6800415542015,0.914309733533535
6800415542016,0.0012410597289802838
6800415542017,0.0012410597289802838
6800415542018,0.4821608047681964
7102368562008,0.0012410597289802838
7102368562009,0.0012410597289802838
7102368562010,1.3287280874353828e-05
7102368562011,0.0012410597289802816
7102368562012,0.0012410597289802838
7102368562013,0.0012410597289802838
7102368562014,0.0012410597289796619
7102368562015,0.0006426080989229703
7102368562016,0.0012410597289802838
7102368562017,0.0012410597289802838
7102368562018,0.0012410597289802838
7306576932008,0.0012410597289802838
7306576932009,0.0012410597289802827
7306576932010,0.0012378682369161298
7306576932011,0.0012410597289802762
7306576932012,0.0012410597289802838
7306576932013,0.47045435282252146
7306576932014,0.0012410597289802838
7306576932015,0.0012410597289802838
7306576932016,0.0012410597289802838
7306576932017,0.0012410597289802838
7306576932018,0.0012410597289802838
7315595612008,0.0012410597289285266
7315595612009,0.00030126108087988405
7315595612010,0.0012410591356703973
7315595612011,0.0012410597289792898
7315595612012,0.0012410597289802827
7315595612013,0.0012410597289802838
7315595612014,0.00034595077137779853
7315595612015,0.0012410597289802838
7315595612016,0.0012410597289802838
7315595612017,0.0012410597289802838
7315595612018,0.0012410597289802838
7425578202008,0.9957560882908295
7425578202009,1.1786557280293357e-05
7425578202010,0.00029916674672337754
7425578202011,1.1786556562711254e-05
7425578202012,0.0012410597289802838
7425578202013,0.0012410597289802838
7425578202014,0.0012410590744237728
7425578202015,0.00030134243035171565
7425578202016,0.00029171516246208535
7425578202017,0.00030979456514433076
7425578202018,0.0012410597289802838
7523029282008,0.914309733533535
7523029282009,0.914309733533535
7523029282010,0.0012410597289802838
7523029282011,0.914309733533535
7523029282012,0.914309733533535
7523029282013,0.914309733533535
7523029282014,0.914309733533535
7523029282015,0.914309733533535
7523029282016,0.914309733533535
7523029282017,0.9096290641489925
7523029282018,0.914309733533535
7600947432008,0.0012410597289802838
7600947432009,0.0012410597289802838
7600947432010,0.0012410597289802838
7600947432011,0.0012410597289802838
7600947432012,0.0012410597289802838
7600947432013,0.0012410597289802838
7600947432014,0.0012410597289802838
7600947432015,0.0012410597289802838
7600947432016,0.0012410597289802838
7600947432017,0.0012410597289802838
7600947432018,0.0012410597289802705
7704941402008,0.0012410597289802838
7704941402009,0.0012410597289802838
7704941402010,0.0012410597289802838
7704941402011,0.482153739490336
7704941402012,0.0012410597289802838
7704941402013,0.0012410597289802838
7704941402014,0.001228442669857808
7704941402015,0.0011994632461691827
7704941402016,0.0012410597289802838
7704941402017,0.0012410597289802827
7704941402018,1.1786559936596186e-05
8501056012008,0.0012410597289789099
8501056012009,0.4821608383579729
8501056012010,0.0012410597289801704
8501056012011,0.0012410597289802838
8501056012012,0.0012410594443470545
8501056012013,0.0012410597289802838
8501056012014,0.001241059702224349
8501056012015,0.0012410597289802838
8501056012016,0.0012410597289802838
8501056012017,0.0012410597289802838
8501056012018,0.0012410597289802838
8502941432008,0.0012410597297830563
8502941432009,0.914309733533535
8502941432010,0.914309733533535
8502941432011,1.1786556562711254e-05
8502941432012,0.9945078761887696
8502941432013,0.914309733533535
8502941432014,0.0012392267814263476
8502941432015,0.001238413026084771
8502941432016,0.9143097332058493
8502941432017,0.914309733533535
8502941432018,0.0012410597289802838
8560003212008,0.00030161189534189196
8560003212009,0.0012410597289802838
8560003212010,8.971232026376662e-05
8560003212011,0.0002029679422218601
8560003212012,0.00028528020003520954
8560003212013,0.914309733533535
8560003212014,0.0003165936806411327
8560003212015,0.001240566718621937
8560003212016,0.0012410597289802838
8560003212017,0.914309733533535
8560003212018,0.0012410597289802838
8600989232008,0.00024396460751667756
8600989232009,0.0003035098796376306
8600989232010,1.1786618851763134e-05
8600989232011,1.1787082893093659e-05
8600989232012,2.1713964984719743e-05
8600989232013,0.0012410279025996554
8600989232014,3.0356290692447193e-05
8600989232015,1.1786556562711254e-05
8600989232016,1.178655656273462e-05
8600989232017,1.1786556562713099e-05
8600989232018,1.1786556562711296e-05
8704744222008,0.00030127176240744125
8704744222009,0.0011716846064495985
8704744222010,0.0012409248217238689
8704744222011,0.0008977300864700777
8704744222012,1.1787425649599315e-05
8704744222013,0.0002912890009151523
8704744222014,0.00030123610412276225
8704744222015,1.179080256406764e-05
8704744222016,0.0003005780688503723
8704744222017,0.0003012543560994617
8704744222018,0.0011718188420127066
8805023202008,0.0012410597289778454
8805023202009,1.1786557025017292e-05
8805023202010,1.1839119402714886e-05
8805023202011,3.4438923830131844e-05
8805023202012,1.1786556562711296e-05
8805023202013,3.8239856900807816e-05
8805023202014,1.1795662936281511e-05
8805023202015,0.0003007657369594338
8805023202016,2.833892967551959e-05
8805023202017,0.0003012576928194947
8805023202018,0.0012410597289464066
9101712502008,1.178660417845593e-05
9101712502009,0.001241059728956363
9101712502010,0.0012410597289802838
9101712502011,0.001241059716504949
9101712502012,1.1786556562711296e-05
9101712502013,0.0012410597264112988
9101712502014,0.0002991534642836256
9101712502015,1.1786571380886316e-05
9101712502016,1.1786556562788053e-05
9101712502017,1.1786556562711254e-05
9101712502018,0.000301004705670503
9305797222008,1.1789034435227122e-05
9305797222009,0.00010077800663305472
9305797222010,1.244630561312812e-05
9305797222011,1.2931308400154337e-05
9305797222012,0.0003106177041669016
9305797222013,1.1790150236439624e-05
9305797222014,0.00029737696649754846
9305797222015,1.1786556747272232e-05
9305797222016,0.0003012183514274844
9305797222017,1.1787008344906511e-05
9305797222018,1.178655656271737e-05
9411962032008,0.0012410597289802838
9411962032009,0.0012410597289802838
9411962032010,0.0012410597289802838
9411962032011,0.0012410597289802838
9411962032012,0.0012410597289802838
9411962032013,0.0012410597289802838
9411962032014,0.0012410597289802838
9411962032015,0.0012410597289802838
9411962032016,0.26205929065806916
9411962032017,0.0012410597289802838
9411962032018,0.0012410597289802838
9417294632008,0.0012410597289802838
9417294632009,0.001241059728149275
9417294632010,0.0012410597289802838
9417294632011,0.0012410597289802838
9417294632012,0.0012410583043450123
9417294632013,0.0012410597289802838
9417294632014,0.00030092734177879915
9417294632015,1.1786556562711254e-05
9417294632016,6.259779568159297e-05
9417294632017,1.1786556562711254e-05
9417294632018,1.1786558041700762e-05
9427358502008,0.0003012599443643476
9427358502009,0.001241059717300199
9427358502010,0.0012410597289802838
9427358502011,0.0012410597289802838
9427358502012,0.914309733533535
9427358502013,0.0012404638231832046
9427358502014,0.001241059702160046
9427358502015,0.4821608383579729
9427358502016,0.0003015697488731715
9427358502017,0.0012410581562998086
9427358502018,0.0003011940830423848
9428232352008,1.1786666799758455e-05
9428232352009,7.17838835956928e-05
9428232352010,0.914309733533535
9428232352011,0.0005200870428278267
9428232352012,1.178662720037378e-05
9428232352013,1.1786656734567343e-05
9428232352014,1.1806601117411098e-05
9428232352015,2.2214015658873166e-05
9428232352016,0.0012410554650405673
9428232352017,1.1786556562799818e-05
9428232352018,1.1786556563516362e-05
9533085222008,0.0012410597218932295
9533085222009,1.1786578399728922e-05
9533085222010,1.1786556562711254e-05
9533085222011,1.1786556562780892e-05
9533085222012,1.1935782782840172e-05
9533085222013,0.0012410592609333785
9533085222014,0.0008479179226394684
9533085222015,0.0012410597289802838
9533085222016,1.1786556563753662e-05
9533085222017,0.00124105587873721
9533085222018,0.00022818049831326953
9560041492008,0.914309733533535
9560041492009,0.914309733533535
9560041492010,0.914309733533535
9560041492011,0.914309733533535
9560041492012,0.914309728807484
9560041492013,0.914309733533535
9560041492014,0.914309733524181
9560041492015,0.914309733533535
9560041492016,0.0012410597289802838
9560041492017,0.914309733533535
9560041492018,0.4821608383579729
