Unique Id,DIST
52008,0.006108998716117637
52009,8.545420958248018e-05
52010,0.0040110161059835675
52011,0.00045906236559693856
52012,1.6842575197972052e-05
52013,3.083204840501677e-05
52014,4.362117133972271e-05
52015,7.26934263451881e-05
52016,0.0005478547502053224
52017,4.5967534647903615e-07
52018,0.0001272226864782798
82008,0.003235869172507842
82009,1.1213447069624962e-05
82010,1.0000000994736041e-07
82011,1.0000000994736041e-07
82012,9.955313171553374e-06
82013,2.0060046506149426e-06
82014,1.0000000994736041e-07
82015,0.000448552866485407
82016,0.03147486110187118
82017,0.00019322904166100115
82018,0.0004943924489101309
132008,0.00011932458620621889
132009,7.217445931980928e-07
132010,2.352056294499821e-07
132011,0.00010243238204596165
132012,0.0005819526412030846
132013,0.0072757848487586055
132014,1.9512684118169783e-05
132015,1.0000000994736041e-07
132016,1.486629280826084e-06
132017,0.009878088202335773
132018,0.09540109041132637
152008,0.00027461076616397477
152009,0.0064983927892151355
152010,0.4378209760847453
152011,0.019476497678766976
152012,1.5602862603891969e-06
152013,0.9861788006830586
152014,0.9528688048622842
152015,0.9999995189926059
152016,0.9999990286598412
152017,0.9448967960895205
202008,0.9660842655565601
202009,0.9999999970833241
202010,0.9961788275461648
202011,0.9999992478094464
202012,0.3178936416818249
202013,0.9999999999969051
202014,1.0000000994736041e-07
202015,1.0000000994736041e-07
202016,0.9999999996008878
202017,0.9999999999999699
202018,0.9999999999999699
222008,0.9782362871652724
222009,0.04462921528148606
222010,0.9932178039422386
222011,2.4484195488958546e-05
222012,1.5919491921200512e-05
222013,0.999999999999908
222014,1.0000000994736041e-07
222015,1.0000000994736041e-07
222016,2.7389168285286773e-05
222017,4.2276915494378345e-05
222018,4.179803660048809e-05
232008,0.004800971084243006
232009,1.0000000994736041e-07
232010,0.9999943185342619
232011,0.10600306026001316
232012,5.473971805854171e-06
232013,0.00031124186609172793
232014,1.0000000994736041e-07
232015,0.0037643582753538922
232016,0.8327544457267206
232017,0.9822774134658105
232018,0.0069667302155792
432300352008,0.21262697126867028
432300352009,0.030928872870728517
432300352010,0.02243177217082744
432300352011,0.009411300199409249
432300352012,0.17037475589771794
432300352013,0.2819829664535989
432300352014,0.09522696946306675
432300352015,0.2516812628694663
432300352016,0.6769669694850221
432300352017,0.583666181327501
432300352018,0.0033117782331069834
433585662008,0.029660962530625973
433585662009,1.5207911250764594e-05
433585662010,0.13883456457643342
433585662011,2.3734493875806154e-05
433585662012,0.510796799182239
433585662013,0.9999988852464848
433585662014,0.3600005962768211
1316240962008,0.0001714777364058739
1316240962009,1.6127422023075477e-07
1316240962010,1.0000000994736041e-07
1316240962011,1.1172039768577504e-05
1316240962012,1.0000000994736041e-07
1316240962013,0.00017004336393414257
1316240962014,1.0820491400748543e-05
1316240962015,0.003548166301840247
1316240962016,2.197954684540504e-05
1316240962017,1.0000000994736041e-07
1316240962018,0.004783412456773206
1413385472008,8.394961774434124e-07
1413385472009,1.0000000994736041e-07
1413385472010,1.0000000994736041e-07
1413385472011,1.0000000994736041e-07
1413385472012,1.0000000994736041e-07
1413385472013,3.4695425246807346e-07
1413385472014,1.0000000994736041e-07
1413385472015,1.0000000994736041e-07
1413385472016,2.1044538843813915e-07
1413385472017,1.0000000994736041e-07
1413385472018,1.0000000994736041e-07
1416417302008,0.05509524974421438
1416417302009,7.170612459960363e-06
1416417302010,4.0255009524476267e-05
1416417302011,4.4461046313510034e-05
1416417302012,0.0001533603465906475
1416417302013,0.06644687660628473
1416417302014,0.0011871178315507806
1416417302015,0.012898975267096942
1416417302016,0.0024766823307913986
1416417302017,0.00028625683977421645
1416780682008,0.0016471648727146193
1416780682009,5.968304100921519e-05
1416780682010,0.01183842801899258
1416780682011,3.148123680490153e-05
1416780682012,0.00040377191055064165
1416780682013,2.411045697324296e-05
1416780682014,1.5749604032221441e-06
1416780682015,1.615165030583799e-07
1416780682016,4.323342999473625e-06
1416780682017,0.0002653407865841751
1416780682018,0.0002314645344222354
2011064262008,1.0000000994736041e-07
2011064262009,0.0164321604407626
2011064262010,0.008096291156679696
2011064262011,0.938995494141364
2011064262012,0.009432855160363223
2011064262013,0.0027076504904906228
2011064262014,9.728399889213398e-05
2011064262015,3.273008990108658e-05
2011064262016,6.768787521333243e-07
2011064262017,0.007195156956210923
2011064262018,0.21022950511052946
2225946722008,6.192416523046677e-06
2225946722009,0.0022639630212857986
2225946722010,0.00010675333776300904
2225946722011,0.0008985590861987025
2225946722012,0.00045927688398396014
2225946722013,0.04230271395225902
2225946722014,0.015622561746474214
2225946722015,0.9128476576117325
2225946722016,0.00857122986110574
2225946722017,0.6845478945946458
2225946722018,0.6505633079581904
2228619782008,0.00019223711526176717
2228619782009,0.0009425091374690146
2228619782010,0.05616108398328274
2228619782011,0.9312665591588749
2228619782012,0.5606010781911075
2228619782013,0.2599937185080848
2228619782014,0.07721461204107208
2228619782015,0.3461332619724096
2228619782016,0.06485503670725228
2228619782017,0.022000713971639885
2228619782018,0.04484116178532889
2370640102017,1.0000000994736041e-07
2373791612008,0.9747189918345431
2373791612009,0.35254657768547
2373791612010,0.9999999999971603
2373791612011,0.018992078449478776
2373791612012,0.0006902356492257394
2373791612013,1.385260177411459e-05
2373791612014,1.400861592026697e-06
2373791612015,0.002477701620081277
2373791612016,1.7508064910071105e-07
2373791612017,0.015758090070201056
2373791612018,5.075613400280967e-05
2514236572008,0.1948074898361353
2514236572009,0.6631060877884909
2514236572010,0.01669135626138959
2514236572011,0.0038512471463161917
2514236572012,0.22449594909214474
2514236572013,0.4393828869136417
2514236572014,0.12611527063358693
2514236572015,0.8956717638626133
2514236572016,0.2955828294543357
2514236572017,0.9999999071270557
2514236572018,0.36142310505533404
2515224452008,0.9443781539740912
2515224452009,0.00021429034377929397
2515224452010,1.0722400207225731e-07
2515224452011,1.0000000994736041e-07
2515224452012,2.3432298720671344e-06
2515224452013,1.0000000994736041e-07
2515224452014,1.0000000994736041e-07
2515224452015,1.0000000994736041e-07
2515224452016,3.2374448015805656e-06
2515224452017,1.0000000994736041e-07
2515224452018,1.0000000994736041e-07
2604463912008,0.00027226423874902894
2604463912009,0.0007704970191930615
2604463912010,0.0007814859261990952
2604463912011,0.8703255200732363
2604463912012,0.9999999999973442
2604463912013,0.0003328005654663303
2604463912014,0.41200339023640875
2604463912015,0.005591992397592265
2604463912016,0.3552805277944529
2604463912017,0.7992895932825256
2604463912018,0.8568257020041143
2605868122008,0.20837623664364552
2605868122009,0.010653838176951987
2605868122010,0.0005823533345287464
2605868122011,0.046286502918254174
2605868122012,0.9593408521840501
2605868122013,0.9999999422644518
2605868122014,0.9851177474522423
2605868122015,0.2125489380182999
2605868122016,0.9999999852745732
2605868122017,0.9999997936468573
2605868122018,0.9999999973880803
2739883362009,1.0000000994736041e-07
2739883362010,1.0000000994736041e-07
2739883362011,1.2620270545168072e-05
2739883362012,9.587876582719362e-05
2739883362013,0.9821845445380734
2739883362014,0.6725223333702743
2739883362015,0.5920774400423257
2739883362016,0.04272346736679252
2739883362017,2.324859042565615e-05
2739883362018,1.1102342063895515e-06
3116261792008,0.6127886448826529
3116261792009,0.07183268364566163
3116261792010,0.20495023388336156
3116261792011,0.11038445494735667
3116261792012,0.03850363809171311
3116261792013,0.013604355875018894
3116261792014,0.01477224018089293
3116261792015,0.046678888983737184
3116261792016,0.8985261973929091
3116261792017,0.9143370417655542
3116261792018,0.036625384310657365
3143949422008,1.0000000994736041e-07
3143949422009,1.8287022584975014e-05
3143949422010,1.1757483382803461e-06
3143949422011,1.7831968817214778e-07
3143949422012,3.592895924212028e-05
3143949422013,6.142943284226901e-05
3143949422014,0.0029923087643882944
3143949422015,0.0007661524901179798
3143949422016,6.725527219845146e-05
3143949422017,4.374747237925276e-05
3143949422018,0.006075197072225142
3414258702008,3.657787742558803e-05
3414258702009,1.568664209268169e-05
3414258702010,4.502557990620023e-05
3414258702011,1.0000000994736041e-07
3414258702012,5.4341361879233346e-05
3414258702013,0.0008124994505283066
3414258702014,0.00010517520904596559
3414258702015,0.060993026848372295
3414258702016,4.963153062390179e-06
3414258702017,0.12632023468375425
3414258702018,0.05911094926364665
3415176712008,0.11603485578053063
3415176712009,0.016271499362967314
3415176712010,1.0003452050799863e-05
3415176712011,0.0165931389753543
3415176712012,0.12048436591330457
3415176712013,0.021423223356025475
3415176712014,0.0014035385816487866
3415176712015,0.9162963200993858
3415176712016,0.96448002824505
3415176712017,0.9953931023671557
3415176712018,0.9903260849766101
3508681332008,1.0000000994736041e-07
3508681332009,0.0002072867600145075
3508681332010,1.0000000994736041e-07
3508681332011,0.9999949590049164
3508681332012,1.0000000994736041e-07
3508681332013,0.8194462670231133
3508681332014,0.5143700691105157
3508681332015,8.424537328311176e-06
3508681332016,0.984390869650061
3508681332017,0.999999042337486
3508681332018,0.0008546309659235332
3513304722008,7.665626270429276e-06
3513304722009,1.0000000994736041e-07
3513304722010,8.928389756583312e-07
3513304722011,0.022395686784581148
3513304722012,0.002298847911743428
3513304722013,0.0011558482038965861
3513304722014,5.909519755232946e-07
3513304722015,3.5324713576076714e-06
3513304722016,0.0008279710773951292
3513304722017,0.0027865168740712105
3513304722018,0.0004612563984066693
3519723842008,0.050360754337129054
3519723842009,0.9654589870733505
3519723842010,1.0000000994736041e-07
3519723842011,1.0000000994736041e-07
3519723842012,1.0000000994736041e-07
3519723842013,4.011669603488549e-06
3519723842014,0.20307834090532922
3519723842015,1.0000000994736041e-07
3519723842016,0.05592075086028102
3519723842017,0.12728340158521484
3519723842018,0.7554385585519746
3622226962008,6.0316304428289004e-05
3622226962009,0.8253526895411514
3622226962010,1.6880775274920912e-05
3622226962011,0.00015857333524979775
3622226962012,0.9089551485197537
3622226962013,2.3132618884761657e-05
3622226962014,0.00611038238011664
3622226962015,0.0026381237703204793
3622226962016,0.7805711369801995
3622226962017,0.3427233244124955
3622226962018,3.7425474552718807e-06
3624149442008,0.0003079787696573146
3624149442009,5.117383212215271e-05
3624149442010,2.4693997005579635e-07
3624149442011,4.511484789751237e-06
3624149442012,1.0000000994736041e-07
3624149442013,1.0000000994736041e-07
3624149442014,9.358195971484146e-05
3624149442015,1.8440690866513008e-07
3624149442016,0.001251091634793788
3624149442017,1.0000000994736041e-07
3624149442018,1.0000000994736041e-07
3706189392008,0.013554378133072047
3706189392009,2.114652943326812e-05
3706189392010,1.0000000994736041e-07
3706189392011,1.0000000994736041e-07
3706189392012,0.0011493477694818365
3706189392013,1.9564988771474285e-06
3706189392014,1.8662042246592972e-05
3706189392015,0.00010757959063146954
3706189392016,0.00018487056252342637
3706189392017,0.9018717785994136
3706189392018,1.96363639672473e-06
3706735122008,0.8790266367282586
3706735122009,0.999989359269461
3706735122010,0.9941354240735334
3706735122011,0.9788259011905882
3706735122012,1.0000000994736041e-07
3706735122013,0.9907059820288961
3706735122014,0.1427937784224587
3706735122015,0.9601614294013685
3706735122016,0.9700922624292446
3706735122017,0.9457666966274809
3710586922008,0.003993952471104949
3710586922009,0.08305999729742415
3710586922010,0.012977717321852829
3710586922011,0.12124944774407667
3710586922012,0.021735915598806443
3710586922013,0.0024864196393271604
3710586922014,0.06920153590362027
3710586922015,0.029065701258381624
3710586922016,0.9081015292206917
3710586922017,0.9577293242145533
3710586922018,0.7059666853173356
3828000652008,0.03241022048112686
3828000652009,1.0952031259718405e-05
3828000652010,1.0000000994736041e-07
3828000652011,1.0000000994736041e-07
3828000652012,1.6026428059583696e-06
3828000652013,1.046638093604079e-07
3828000652014,1.0000000994736041e-07
3828000652015,3.85616513206376e-07
3828000652016,1.0000000994736041e-07
3828000652018,2.6442710951953283e-07
3920144092009,0.7283127847278028
3920144092010,0.01102682842520872
3920144092011,0.4066380422212413
3920144092012,0.016707580446757006
3920144092013,0.003651286486513612
3920144092014,0.024741575595323216
3920144092015,0.00010372345219708412
3920144092016,0.004871367256998014
3920144092017,0.0025800495131707217
3920144092018,0.003454032153585338
4107306022008,0.0005758886841348336
4107306022009,0.003128420532159272
4107306022010,0.9999999999999699
4107306022011,0.0005960980304194337
4107306022012,0.3817927737674674
4107306022013,2.0967730396361355e-07
4107306022014,1.0000000994736041e-07
4107306022015,9.315069470827589e-07
4107306022016,0.12572511688076934
4107306022017,8.300279707695789e-05
4116938382008,0.5796528369893728
4116938382009,0.08539808932996544
4116938382010,0.0008220512318010175
4116938382011,0.0018378923145762598
4116938382012,0.009304185167945444
4116938382013,0.0007982186588677927
4116938382014,0.00029519253056666054
4116938382015,0.00361686056947548
4116938382016,0.04395949987044226
4116938382017,0.002730473360579208
4116938382018,0.03245489454006305
4117246372008,0.7803615869347992
4117246372009,0.0017322772594114003
4117246372010,5.8872960591920755e-06
4117246372011,7.420452000703358e-05
4117246372012,0.9999999999999699
4117246372013,1.0000000994736041e-07
4117246372014,0.034159541406640584
4117246372015,5.361150577111616e-05
4117246372016,0.9999999930054557
4117246372017,1.0000000994736041e-07
4117246372018,1.0000000994736041e-07
4118042052008,1.0000000994736041e-07
4118042052009,1.0000000994736041e-07
4118042052010,1.0000000994736041e-07
4118042052011,1.0000000994736041e-07
4118042052012,1.0000000994736041e-07
4118042052013,1.0000000994736041e-07
4118042052014,1.0000000994736041e-07
4118042052015,1.0000000994736041e-07
4118042052016,1.0000000994736041e-07
4118042052017,1.0000000994736041e-07
4118042052018,1.0000000994736041e-07
4119492302008,1.0000000994736041e-07
4119492302009,1.0000000994736041e-07
4119492302010,1.0000000994736041e-07
4119492302011,1.0000000994736041e-07
4119492302012,1.0000000994736041e-07
4119492302013,1.3801960712035252e-05
4119492302014,1.0000000994736041e-07
4119492302015,1.0000000994736041e-07
4119492302016,5.739873007464757e-07
4119492302017,0.0001333307743549469
4119492302018,1.4947361579761831e-05
4206803702008,7.228095223367239e-05
4206803702009,4.436810385263988e-06
4206803702010,1.0000000994736041e-07
4206803702011,1.0000000994736041e-07
4206803702012,0.728940731102333
4206803702013,1.0000000994736041e-07
4206803702014,1.110635983297787e-07
4206803702015,4.6767652418079167e-07
4206803702016,1.0000000994736041e-07
4206803702017,1.0000000994736041e-07
4208198192008,0.9972561272089322
4208198192009,1.9790524578695272e-06
4208198192010,1.0000000994736041e-07
4208198192011,1.0000000994736041e-07
4208198192012,0.008877706730282344
4208198192013,1.9978853628386795e-06
4208198192014,0.5051024626328956
4208198192015,1.0000000994736041e-07
4208198192016,1.6169218776696818e-06
4208198192017,6.520831757157244e-06
4208198192018,1.0000000994736041e-07
4213197872008,0.9999991329455876
4213197872009,0.008710641864525751
4213197872010,0.999999998417119
4213197872011,0.9254158671830874
4213197872012,0.980596485226255
4213197872013,0.9999999999881899
4213197872014,0.00010562817605650917
4213197872015,0.13430291985524276
4213197872016,0.9999999999659116
4213701082008,0.9967687123099336
4213701082009,0.9969452419578955
4213701082010,0.9913660651572016
4213701082011,0.9133744090402914
4213701082012,0.9999998315656679
4213701082013,1.316574348172201e-06
4213701082014,0.40330889997359964
4213701082015,0.00011655538824151919
4213701082016,0.9047604439211699
4213701082017,0.14137790167756267
4213701082018,0.06037420431472874
4214084022008,1.0000000994736041e-07
4214084022009,1.0000000994736041e-07
4214084022010,1.0000000994736041e-07
4214084022011,1.0000000994736041e-07
4214084022012,1.0000000994736041e-07
4214084022013,7.192448389672818e-07
4214084022014,1.3368409959059888e-06
4214084022015,1.0790738523611613e-07
4214084022016,1.0000000994736041e-07
4214084022017,7.07497386404902e-07
4214084022018,2.1803977536969326e-07
4214188472008,7.263352147950522e-05
4214188472009,9.031302332339697e-06
4214188472010,0.00045584883533220853
4214188472011,0.00014716384325256105
4214188472012,0.02668530810817978
4214188472013,0.0006559878486457603
4214188472014,0.008144271625736494
4214188472015,4.752087119397162e-07
4214188472016,2.8007532707825122e-05
4214188472017,0.8456230083397679
4214188472018,0.006012770037298486
4214699582008,0.999999619363265
4214699582009,0.9999964086507728
4214699582010,2.1931191208300208e-05
4214699582011,1.0081627194717983e-07
4214699582012,1.0000000994736041e-07
4214699582013,1.0000000994736041e-07
4214699582014,1.0000000994736041e-07
4214699582015,1.0000000994736041e-07
4214699582016,0.8008357755554985
4214699582017,0.053596858276495435
4214699582018,0.4560633141130109
4214731422008,3.6697991541621864e-05
4214731422009,1.0000000994736041e-07
4214731422010,0.9767846879606572
4214731422011,0.9974599832340219
4214731422012,0.9892958598911114
4214731422013,0.008554183365539732
4214731422014,2.509706560714956e-07
4214731422015,1.0000000994736041e-07
4214731422016,2.2253114883206374e-05
4214731422017,0.002776084134446439
4214731422018,0.9999989661577888
4260062192008,0.0003462003832148375
4260062192009,0.008562801267172208
4260062192010,0.6867534539220439
4260062192011,0.5773863380335328
4260062192012,0.9811272831778244
4260062192013,0.977997960392247
4260062192014,0.2720069333802734
4260062192015,0.0004135670234094062
4260062192016,1.0000000994736041e-07
4260062192017,0.0005280349186625125
4260062192018,4.601333591538013e-05
4405452892008,1.0000000994736041e-07
4405452892009,8.82008901694856e-07
4405452892010,1.5224726038939536e-05
4405452892011,1.0000000994736041e-07
4405452892012,2.797341272755085e-06
4405452892013,3.543992687711978e-05
4405452892014,8.647993046849354e-05
4405452892015,1.0000000994736041e-07
4405452892016,2.3901381339139137e-05
4405452892017,0.09158098558313675
4405452892018,0.045312134489571707
4405463662008,1.0000000994736041e-07
4405463662009,1.0000000994736041e-07
4405463662010,1.0000000994736041e-07
4405463662011,5.375518740946632e-07
4405463662012,8.038450227815502e-07
4405463662013,8.153335785105228e-06
4405463662014,1.658968095579543e-06
4405463662015,8.910286808367366e-05
4405463662016,0.024375560316527482
4405463662017,5.8702328470222435e-06
4405463662018,0.00020744846149685597
4406559862008,0.0008371617836687456
4406559862009,0.00360391697672749
4406559862010,1.0000000994736041e-07
4406559862011,1.287861534317163e-06
4406559862012,0.0067518154885376405
4406559862013,3.4173139156463717e-06
4406559862014,0.07247881734631073
4406559862015,5.226044408087674e-06
4406559862016,0.9999971986428523
4406559862017,0.004930845434843343
4406559862018,0.9999999999998087
4528807262008,0.0004745332413224624
4528807262009,0.0063059826654819125
4528807262010,0.009813741177325454
4528807262011,0.0012185475336434135
4528807262012,2.2418311848982545e-05
4528807262013,0.0009808119957315066
4528807262014,0.004016824189221347
4528807262015,5.4178895227578675e-05
4528807262016,0.0015554818383025572
4528807262017,0.00014500805232253207
4528807262018,0.001199827186450704
4707968752008,1.3603053835263255e-07
4707968752009,1.439665446508028e-07
4707968752010,0.0002531724777464174
4707968752011,4.35100135939016e-07
4707968752012,0.00011122471776808481
4707968752013,2.737497003618735e-06
4707968752014,1.591926319946951e-07
4707968752015,1.1640362011502547e-06
4707968752016,1.3666315463116724e-06
4707968752017,1.6709073360742953e-06
4707968752018,0.030333601658032634
4805776582008,0.00024756541446606465
4805776582009,1.0000000994736041e-07
4805776582010,0.024473511263944585
4805776582011,0.0006119666617897891
4805776582012,0.8695725858006087
4805776582013,0.9999999689668643
4805776582014,1.0000000994736041e-07
4805776582015,0.9922923815092717
4805776582016,0.996818058304559
4805776582017,0.5894383620517061
4805776582018,0.9999999969675377
4805776642008,1.0000000994736041e-07
4805776642009,2.772509005005472e-07
4805776642010,6.297015861587121e-07
4805776642011,6.349926164224583e-05
4805776642012,2.9939634642455507e-07
4805776642013,9.722270754891216e-07
4805776642014,2.049033687347201e-06
4805776642015,0.0005592050374255199
4805776642016,0.00014567120460703465
4805776642017,6.2012917129302775e-06
4805776642018,0.9176572546299779
4811198792008,0.07230960967189114
4811198792009,2.037018802920274e-05
4811198792010,3.580148966397343e-06
4811198792011,0.05826341795376023
4811198792012,3.4263096031570017e-07
4811198792013,5.112496645537077e-06
4811198792014,0.14188878257298154
4811198792015,0.9999999999959681
4811198792016,0.992014633477422
4811198792017,0.9999999999983694
4811198792018,0.9999999811844033
4860757842008,4.270890757127468e-06
4860757842009,1.0000000994736041e-07
4860757842010,1.0000000994736041e-07
4860757842011,1.0000000994736041e-07
4860757842012,1.0000000994736041e-07
4860757842013,1.0000000994736041e-07
4860757842014,1.0000000994736041e-07
4860757842015,1.0000000994736041e-07
4860757842016,0.07677513518978982
4860757842017,0.0023259053661560222
4860757842018,0.0001966028090940346
5205916562008,0.0036690481768488175
5205916562009,0.10746290287989214
5205916562010,0.00038328519162667273
5205916562011,0.011171463197963057
5205916562012,0.3090484646565914
5205916562013,0.0003451008503382342
5205916562014,0.015870120935244744
5205916562015,0.07701861463807225
5205916562016,0.05622060982049095
5205916562017,0.011314530507398363
5205916562018,0.03911764315300401
5207955082008,0.9778138630345863
5207955082009,0.1538609249214283
5207955082010,0.054601878112529194
5207955082011,0.01286292272650536
5207955082012,0.42112500683254983
5207955082013,0.6351276781384676
5207955082014,0.6946076677460559
5207955082015,0.05478434968577158
5207955082016,0.5987164016710584
5207955082017,0.5357648975385442
5207955082018,0.37666487568072243
5213577292008,2.0553143481507458e-07
5213577292009,1.0000000994736041e-07
5213577292010,1.0000000994736041e-07
5213577292011,1.0000000994736041e-07
5213577292012,1.0000000994736041e-07
5213577292013,1.0000000994736041e-07
5213577292014,0.0005095009856994737
5213577292015,1.0000000994736041e-07
5213577292016,1.0000000994736041e-07
5213577292017,1.0000000994736041e-07
5213577292018,1.0000000994736041e-07
5213627932008,0.33880788480277746
5213627932009,0.018704055919271687
5213627932010,0.05536850864516281
5213627932011,0.07652979264073072
5213627932012,0.05270537382580456
5213627932013,0.8022630679911873
5213627932014,0.891658833353344
5213627932015,0.007945665718642069
5213627932016,0.17713386757047264
5213627932017,0.867844185488317
5213627932018,0.08122105339070877
5223473242008,0.00133666518098131
5223473242009,0.0001196090389017607
5223473242010,0.022311553983584444
5223473242011,1.57167864566131e-05
5223473242012,0.0239638561972856
5223473242013,0.0033156421214954367
5223473242014,1.0000000994736041e-07
5223473242015,0.0004918632659346742
5223473242016,0.009562752055158875
5223473242017,0.0573674291489174
5223473242018,0.00021123263068263112
5411907712008,0.2000860964226402
5411907712009,0.8722739973649989
5411907712010,0.43702237068319816
5411907712011,0.6683173775657052
5411907712012,0.011090626621000667
5411907712013,0.0408071580383365
5411907712014,0.0004408851984333944
5411907712015,0.0031763829097937973
5411907712016,1.0000000994736041e-07
5411907712017,4.950818553821552e-06
5411907712018,0.0037072273041079966
5605323022008,8.720226678125771e-05
5605323022009,5.422739001278303e-06
5605323022010,7.182937793679378e-07
5605323022011,0.3227635221711586
5605323022012,0.9999958140125407
5605323022013,0.8610727581515086
5605323022014,0.15045076298550983
5605323022015,0.029667678848228955
5605323022016,0.7947954450540898
5605323022017,0.05286992981453283
5605323022018,0.013537617597402457
5613769502008,3.1899081194415588e-06
5613769502009,0.06598193241280308
5613769502010,0.025369946321007
5613769502011,0.7607878025229142
5613769502012,0.0069511742967816705
5613769502013,0.9831596486936841
5613769502014,0.00029693510307683127
5613769502015,0.00011730870480204501
5613769502016,7.389964023729518e-05
5613769502017,3.351163192850719e-05
5613769502018,0.0019087173113927752
5703702422008,2.210866861463146e-05
5703702422009,0.0036037691916832484
5703702422010,0.0542094621382363
5703702422011,0.0015440057812008763
5703702422012,0.00012447497924154935
5703702422013,1.9563731452520832e-05
5703702422014,1.0000000994736041e-07
5703702422015,1.0000000994736041e-07
5703702422016,1.5437758379014648e-07
5703702422017,0.00015443019981477385
5703702422018,0.00076086480801554
5816495412008,1.0000000994736041e-07
5816495412009,1.0000000994736041e-07
5816495412010,1.0000000994736041e-07
5816495412011,1.0000000994736041e-07
5816495412012,1.0000000994736041e-07
5816495412013,3.2180654760725477e-07
5816495412014,0.14621272176116135
5816495412015,1.0000000994736041e-07
5816495412016,0.04293635915056015
5816495412017,9.805332528012166e-07
5816495412018,1.1860972536210832e-05
5818476572008,0.5264751525227999
5818476572009,0.006174413537196144
5818476572010,8.11193563214756e-06
5818476572011,0.11898534167062226
5818476572012,0.9689855612535043
5818476572013,0.00023576175548997992
5818476572014,2.0590124936855236e-07
5818476572015,1.0000000994736041e-07
5818476572016,3.82073318595513e-06
5818476572017,1.0000000994736041e-07
5818476572018,0.0007917694977607896
5820010142008,3.409594916617328e-05
5820010142009,1.0000000994736041e-07
5820010142010,1.0000000994736041e-07
5820010142011,1.0000000994736041e-07
5820010142012,4.1620828026418466e-05
5820010142013,7.118992560364553e-05
5820010142014,0.005657628769038163
5820010142015,0.0006347759516833507
5820010142016,0.006065841794218981
5820010142017,1.0000000994736041e-07
5820010142018,0.025070056914153538
5821759752008,1.0000000994736041e-07
5821759752009,1.1981915115876014e-06
5821759752010,2.8677854256225172e-05
5821759752011,0.0007055334443027569
5821759752012,1.0000000994736041e-07
5821759752013,0.006890582226727003
5821759752014,2.6852794436256927e-06
5821759752015,1.0000000994736041e-07
5821759752016,0.00019803352133398474
5821759752017,4.955550698078441e-06
5821759752018,1.2126285962429013e-05
5822579252008,0.08572102224541005
5822579252009,0.8987374483964501
5822579252010,0.07505432877137135
5822579252011,0.3038057800000825
5822579252012,6.659856310711733e-06
5822579252013,0.9999999999961968
5822579252014,0.9999999999816869
5822579252015,0.9999997622031541
5822579252016,0.9960899964050687
5822579252017,0.8816473178210853
5822579252018,0.9916341660650033
5906244242008,0.01013791852903324
5906244242009,1.0000000994736041e-07
5906244242010,1.0000000994736041e-07
5906244242011,0.0013540922846565623
5906244242012,6.324444576786494e-06
5906244242013,1.0000000994736041e-07
5906244242014,0.0002099447524107779
5906244242015,0.00020542102205750517
5906244242016,0.0016922986152555352
5906244242017,0.0016084322215239222
5906244242018,0.07250361759413844
5908789822008,1.8304994821412526e-06
5908789822009,0.0011770146169307707
5908789822010,7.979103019101287e-05
5908789822011,2.3844570270400984e-06
5908789822012,3.557105090121953e-07
5908789822013,1.3353649914147619e-05
5908789822014,1.636837898915218e-07
5908789822015,1.0000000994736041e-07
5908789822016,0.0001797886778200087
5908789822017,3.751122883105626e-05
5908789822018,6.467016627201129e-05
5914602392008,0.003837060614677988
5914602392009,0.0030709987473202974
5914602392010,3.4894614966696295e-05
5914602392011,0.9924910754515995
5914602392012,1.2012686443032967e-06
5914602392013,0.04754661437916814
5914602392014,0.0018414985172925682
5914602392015,1.0000000994736041e-07
5914602392016,1.0000000994736041e-07
5914602392017,2.3440336670558354e-07
5919170162008,3.0278264269122153e-05
5919170162009,2.2063959331645884e-07
5919170162010,3.0823369587312856e-07
5919170162011,1.0000000994736041e-07
5919170162012,0.1355171194040523
5919170162013,3.4254767340780886e-06
5919170162014,0.0003011322747087883
5919170162015,1.619228811776672e-05
5919170162016,4.219778792908637e-07
5919170162017,7.167091428923598e-07
5919170162018,1.0000000994736041e-07
5919435022008,0.0001998938175484682
5919435022009,0.0010923942138230318
5919435022010,0.00621661996663233
5919435022011,0.031627012121574004
5919435022012,1.8950139932338133e-05
5919435022013,1.1447296734975584e-06
5919435022014,1.9225235935248538e-05
5919435022015,1.0000000994736041e-07
5919435022016,2.4837523871854134e-06
5919435022017,1.302869152195023e-05
5919435022018,0.00013868801289233077
5927969662018,6.946508432369733e-06
6104447072008,0.4136095130944707
6104447072009,3.748359411980188e-06
6104447072010,0.0001579075111865673
6104447072011,0.354097901212832
6104447072012,0.10462829256390399
6104447072013,8.679309916490386e-05
6104447072014,0.00012371223058977625
6104447072015,5.2072171342396684e-05
6104447072016,0.9708118326066661
6104583762008,3.8893958782003713e-07
6104583762009,1.0000000994736041e-07
6104583762010,1.0000000994736041e-07
6104583762011,1.0000000994736041e-07
6104583762012,2.144490276592376e-06
6104583762013,3.2306650200567116e-07
6104583762014,6.044363048741451e-06
6104583762015,1.6815115274366656e-07
6104583762016,1.6680850238148761e-06
6104583762017,0.09746430136240128
6104583762018,0.002627441570838364
6104829732008,0.00028640046410602517
6104829732009,1.0000000994736041e-07
6104829732010,3.638155190672666e-07
6104829732011,0.005453549499363512
6104829732012,3.7878498075156235e-07
6104829732013,9.332620517921827e-05
6104829732014,0.0022574562850000723
6104829732015,0.03232702403267154
6104829732016,5.7358639578904935e-05
6104829732017,3.132256261162144e-05
6104829732018,6.330739135046273e-07
6204762822008,0.09285353834445892
6204762822009,1.0000000994736041e-07
6204762822010,0.0002943746575282284
6204762822011,0.9672137906360743
6204762822012,5.743609342749494e-05
6204762822013,0.5499552956983502
6204762822014,0.312859552757696
6204762822015,0.18890864708338026
6204762822016,0.0002544311560855333
6204762822017,0.08373998998549916
6311786282008,0.9999999757134568
6311786282009,0.9999999623279839
6311786282010,0.9999999998441137
6311786282011,0.2537033662888143
6311786282012,0.9999999922441183
6311786282013,0.9999999999999699
6311786282014,0.9999999999917872
6311786282015,0.9999999644516246
6311786282016,0.9999999999997758
6311786282017,0.6054201470617089
6311786282018,0.9999999999903386
6312196832008,0.9999962907687195
6312196832009,0.9971851108248299
6312196832010,0.9999996163289913
6312196832011,0.999998416429734
6312196832012,0.9175189331699556
6312196832013,0.9999999981378068
6312196832014,0.921936896926788
6312196832015,0.006234400994906284
6312196832016,0.994991393054801
6312196832017,0.9999999998259143
6312196832018,0.9999999975390559
6360572932008,0.008199883755406435
6360572932009,1.0000000994736041e-07
6360572932010,1.0000000994736041e-07
6360572932011,1.0000000994736041e-07
6360572932012,1.0000000994736041e-07
6360572932013,1.0000000994736041e-07
6360572932014,1.0000000994736041e-07
6360572932015,1.0000000994736041e-07
6360572932016,1.0000000994736041e-07
6360572932017,1.0000000994736041e-07
6360572932018,1.0000000994736041e-07
6404280032008,4.992981897351733e-07
6404280032009,1.0000000994736041e-07
6404280032010,1.0000000994736041e-07
6404280032011,1.0000000994736041e-07
6404280032012,1.3684141016599043e-07
6404280032013,1.0000000994736041e-07
6404280032014,1.4718622522223503e-07
6404280032015,9.84758527977216e-06
6404280032016,0.022928320395239378
6404280032017,0.0016306647280434194
6404280032018,4.034892507095912e-06
6460015872008,0.0015638318757771024
6460015872009,7.459282692631631e-05
6460015872010,1.0000000994736041e-07
6460015872011,1.836603043863877e-06
6460015872012,0.002419234246716252
6460015872013,2.6976084694648668e-05
6460015872014,9.879326610162133e-06
6460015872015,1.0000000994736041e-07
6460015872016,1.0000000994736041e-07
6460015872017,0.009177254110207434
6460015872018,0.00020498476228426177
6502676682008,5.8889935688857375e-06
6502676682009,6.896607554034523e-07
6502676682010,1.0000000994736041e-07
6502676682011,3.6544050384442265e-07
6502676682012,0.0002719461814550841
6502676682013,9.217834191762381e-07
6502676682014,3.201011099509443e-05
6502676682015,0.008264090984424486
6502676682016,0.004731144758209109
6502676682017,0.08303121317536268
6502676682018,0.05976328357398401
6800415542008,0.9277230365884372
6800415542009,0.10634711550916459
6800415542010,0.9999999817460176
6800415542011,0.9806326266474786
6800415542012,0.996384052720341
6800415542013,0.9999992424280002
6800415542014,0.8386893218407206
6800415542015,0.9999999469311123
6800415542016,0.9512006122162718
6800415542017,0.996788602387237
6800415542018,0.9999953509751015
7102368562008,0.22887340010123752
7102368562009,0.12019035404533324
7102368562010,1.1929858325562672e-07
7102368562011,0.038931545070832616
7102368562012,0.048420285151717764
7102368562013,0.39318210665742925
7102368562014,0.010121529305882865
7102368562015,9.31966329282879e-05
7102368562016,0.9706402359902107
7102368562017,0.9821598124963363
7102368562018,0.8178606453307222
7306576932008,0.14449729999585398
7306576932009,0.00947510848888194
7306576932010,2.144510897042119e-05
7306576932011,0.007226453887582053
7306576932012,0.4089498214999525
7306576932013,0.9790849041327228
7306576932014,0.8843442729973592
7306576932015,0.49068357065077145
7306576932016,0.9412295352108652
7306576932017,0.8265451351772346
7306576932018,0.574000813811307
7315595612008,0.0016986828762537791
7315595612009,2.1574612536177954e-06
7315595612010,6.033844292168304e-05
7315595612011,0.00021523032958105064
7315595612012,0.0006632438600254593
7315595612013,0.6670511492188731
7315595612014,3.0618096064130103e-06
7315595612015,0.0018068906677616997
7315595612016,0.04039320675645231
7315595612017,0.03363160739548307
7315595612018,0.3336136448333
7425578202008,1.0000000994736041e-07
7425578202009,1.0000000994736041e-07
7425578202010,1.0000000994736041e-07
7425578202011,1.0000000994736041e-07
7425578202012,0.04188220836810127
7425578202013,0.005718540586333619
7425578202014,6.0746682226548765e-06
7425578202015,1.8063159922083168e-07
7425578202016,1.0000000994736041e-07
7425578202017,2.1072280009316128e-07
7425578202018,0.018775405421041252
7523029282008,0.9999999522516998
7523029282009,0.9999999856415871
7523029282010,0.781414076168859
7523029282011,0.9999999969720959
7523029282012,0.9999999161209877
7523029282013,0.9999999999999699
7523029282014,0.9999999999778512
7523029282015,0.9999999999855197
7523029282016,0.9999999999981986
7523029282017,0.9999999999999699
7523029282018,0.9999999999999699
7600947432008,0.846933680601117
7600947432009,0.5347175400423138
7600947432010,0.711899164209597
7600947432011,0.7318358404902393
7600947432012,0.7085658424602664
7600947432013,0.3921636376931323
7600947432014,0.13279181552904487
7600947432015,0.18832114472310882
7600947432016,0.7175412830913486
7600947432017,0.4496477780680205
7600947432018,0.0036900830251193045
7704941402008,0.9869160750867315
7704941402009,0.5531992760329497
7704941402010,0.9931950760852787
7704941402011,0.9974482810885601
7704941402012,0.9939361393741503
7704941402013,0.9896293039670678
7704941402014,0.002361844170401641
7704941402015,0.0004966058184167658
7704941402016,0.20356606236715402
7704941402017,0.03906871047333545
7704941402018,1.0000000994736041e-07
8501056012008,0.008209340213791988
8501056012009,0.9856449681251022
8501056012010,0.0025474144693982946
8501056012011,0.7459668792094121
8501056012012,0.00029301288881534375
8501056012013,0.030418851000243757
8501056012014,0.00021713510330605303
8501056012015,0.1408644554992965
8501056012016,0.4242248668406493
8501056012017,0.8280380412539404
8501056012018,0.023044115956042086
8502941432008,0.9999988132851465
8502941432009,0.999999983979071
8502941432010,0.9999993585800062
8502941432011,1.0000000994736041e-07
8502941432012,1.0000000994736041e-07
8502941432013,0.9999999999999699
8502941432014,2.4288229836320334e-05
8502941432015,1.5198071010741244e-05
8502941432016,0.9999999999999699
8502941432017,0.9999999981141124
8502941432018,0.991102946977262
8560003212008,1.4208050948607662e-06
8560003212009,0.05162342801342081
8560003212010,1.0000000994736041e-07
8560003212011,1.0000000994736041e-07
8560003212012,1.0000000994736041e-07
8560003212013,0.9999999999999125
8560003212014,8.476358587826243e-07
8560003212015,2.5144597028100082e-06
8560003212016,0.7703594387003585
8560003212017,0.9999999999999699
8560003212018,0.0531071683483155
8600989232008,1.0000000994736041e-07
8600989232009,1.0474980720717379e-06
8600989232010,1.0000000994736041e-07
8600989232011,1.0000000994736041e-07
8600989232012,1.0000000994736041e-07
8600989232013,5.958760925869849e-06
8600989232014,1.0000000994736041e-07
8600989232015,1.0000000994736041e-07
8600989232016,1.0000000994736041e-07
8600989232017,1.0000000994736041e-07
8600989232018,1.0000000994736041e-07
8704744222008,1.5078381263997546e-05
8704744222009,0.0001268975332577779
8704744222010,0.00041714266712155755
8704744222011,9.381785693387621e-05
8704744222012,1.0000000994736041e-07
8704744222013,1.2199725969014303e-06
8704744222014,5.464707608031133e-06
8704744222015,1.0000000994736041e-07
8704744222016,4.2909196489310086e-07
8704744222017,1.1846259888661226e-06
8704744222018,2.3591154425106395e-05
8805023202008,0.003954019998496303
8805023202009,1.0000000994736041e-07
8805023202010,1.0000000994736041e-07
8805023202011,1.0000000994736041e-07
8805023202012,1.0000000994736041e-07
8805023202013,1.0000000994736041e-07
8805023202014,1.0000000994736041e-07
8805023202015,2.807207135417052e-07
8805023202016,1.0000000994736041e-07
8805023202017,1.0000000994736041e-07
8805023202018,9.25996142546454e-06
9101712502008,1.0000000994736041e-07
9101712502009,0.01347611103300649
9101712502010,0.9490001944053547
9101712502011,0.009745631973408218
9101712502012,1.0000000994736041e-07
9101712502013,0.004071531945104106
9101712502014,3.3243253348774722e-06
9101712502015,1.0000000994736041e-07
9101712502016,1.0000000994736041e-07
9101712502017,1.0000000994736041e-07
9101712502018,4.3706948500847575e-07
9305797222008,1.0000000994736041e-07
9305797222009,3.9971322230799797e-07
9305797222010,1.0176761814188321e-07
9305797222011,1.361290757799118e-07
9305797222012,2.6569846778910495e-05
9305797222013,1.0000000994736041e-07
9305797222014,6.77081433612898e-07
9305797222015,1.0000000994736041e-07
9305797222016,2.9413096710041426e-06
9305797222017,1.0000000994736041e-07
9305797222018,1.0000000994736041e-07
9411962032008,0.6287054465242965
9411962032009,0.22099446080637708
9411962032010,0.15650505477186952
9411962032011,0.5222689280998803
9411962032012,0.913913977559655
9411962032013,0.9110798282938397
9411962032014,0.8351231633295192
9411962032015,0.7640798075761106
9411962032016,0.9321916990330219
9411962032017,0.8592791820557728
9411962032018,0.13145682478306156
9417294632008,0.8132500665800673
9417294632009,0.04216141365543407
9417294632010,0.49417353347990023
9417294632011,0.9886299016275173
9417294632012,0.018406055385789592
9417294632013,0.9449015661399673
9417294632014,4.9405630585175975e-06
9417294632015,1.0000000994736041e-07
9417294632016,1.0888995769492405e-07
9417294632017,1.0000000994736041e-07
9417294632018,1.0000000994736041e-07
9427358502008,2.523507531366443e-07
9427358502009,3.5034244891694053e-06
9427358502010,0.0001491365883426347
9427358502011,0.0012942443199987757
9427358502012,0.6915839005294315
9427358502013,7.162880247036553e-07
9427358502014,2.33731912252061e-05
9427358502015,0.41056269396612755
9427358502016,1.6287485715079893e-07
9427358502017,1.2914309752738606e-06
9427358502018,1.0000000994736041e-07
9428232352008,1.0000000994736041e-07
9428232352009,3.7426864959431315e-07
9428232352010,0.9999999398295777
9428232352011,0.00012966439149276554
9428232352012,1.0000000994736041e-07
9428232352013,1.0000000994736041e-07
9428232352014,1.0000000994736041e-07
9428232352015,1.0000000994736041e-07
9428232352016,0.00026673212401417165
9428232352017,1.0000000994736041e-07
9428232352018,1.0000000994736041e-07
9533085222008,0.001865987737002199
9533085222009,1.0000000994736041e-07
9533085222010,1.0000000994736041e-07
9533085222011,1.0000000994736041e-07
9533085222012,1.0000000994736041e-07
9533085222013,0.00013617554002047922
9533085222014,3.090047298957529e-05
9533085222015,0.8033725500788744
9533085222016,1.0000000994736041e-07
9533085222017,0.00012921647822912983
9533085222018,1.5281048385854678e-07
9560041492008,0.9999999963805504
9560041492009,0.9999995766474447
9560041492010,0.9999999920719524
9560041492011,0.9999999468758219
9560041492012,0.999999575965883
9560041492013,0.9999999994095812
9560041492014,0.9999999999999699
9560041492015,0.9999999650052314
9560041492016,0.9611882632443647
9560041492017,0.9999999996209386
9560041492018,0.9967219558260721
