Unique Id,DIST
52008,1.0000000994736041e-07
52009,1.0000000994736041e-07
52010,1.0000000994736041e-07
52011,1.0000000994736041e-07
52012,1.0000000994736041e-07
52013,1.0000000994736041e-07
52014,1.0000000994736041e-07
52015,1.0000000994736041e-07
52016,1.0000000994736041e-07
52017,1.0000000994736041e-07
52018,1.0000000994736041e-07
82008,1.0000000994736041e-07
82009,1.0000000994736041e-07
82010,1.0000000994736041e-07
82011,1.0000000994736041e-07
82012,1.0000000994736041e-07
82013,1.0000000994736041e-07
82014,1.0000000994736041e-07
82015,1.0000000994736041e-07
82016,1.0000000994736041e-07
82017,1.0000000994736041e-07
82018,1.0000000994736041e-07
132008,1.0000000994736041e-07
132009,1.0000000994736041e-07
132010,1.0000000994736041e-07
132011,1.0000000994736041e-07
132012,1.0000000994736041e-07
132013,1.0000000994736041e-07
132014,1.0000000994736041e-07
132015,1.0000000994736041e-07
132016,1.0000000994736041e-07
132017,1.0000000994736041e-07
132018,1.0000000994736041e-07
152008,1.0000000994736041e-07
152009,1.0000000994736041e-07
152010,1.0000000994736041e-07
152011,1.0000000994736041e-07
152012,1.0000000994736041e-07
152013,1.0000000994736041e-07
152014,1.0000000994736041e-07
152015,1.0000000994736041e-07
152016,1.0000000994736041e-07
152017,1.0000000994736041e-07
202008,1.0000000994736041e-07
202009,0.9999999999999699
202010,1.0000000994736041e-07
202011,1.0000000994736041e-07
202012,1.0000000994736041e-07
202013,0.9999999999999699
202014,1.0000000994736041e-07
202015,1.0000000994736041e-07
202016,0.9999999999999699
202017,0.9999999999999699
202018,0.9999999999999699
222008,1.0000000994736041e-07
222009,1.0000000994736041e-07
222010,1.0000000994736041e-07
222011,1.0000000994736041e-07
222012,1.0000000994736041e-07
222013,0.9999999999999699
222014,1.0000000994736041e-07
222015,1.0000000994736041e-07
222016,1.0000000994736041e-07
222017,1.0000000994736041e-07
222018,1.0000000994736041e-07
232008,1.0000000994736041e-07
232009,1.0000000994736041e-07
232010,1.0000000994736041e-07
232011,1.0000000994736041e-07
232012,1.0000000994736041e-07
232013,1.0000000994736041e-07
232014,1.0000000994736041e-07
232015,1.0000000994736041e-07
232016,1.0000000994736041e-07
232017,1.0000000994736041e-07
232018,1.0000000994736041e-07
432300352008,1.0000000994736041e-07
432300352009,1.0000000994736041e-07
432300352010,1.0000000994736041e-07
432300352011,1.0000000994736041e-07
432300352012,1.0000000994736041e-07
432300352013,1.0000000994736041e-07
432300352014,1.0000000994736041e-07
432300352015,1.0000000994736041e-07
432300352016,1.0000000994736041e-07
432300352017,1.0000000994736041e-07
432300352018,1.0000000994736041e-07
433585662008,1.0000000994736041e-07
433585662009,1.0000000994736041e-07
433585662010,1.0000000994736041e-07
433585662011,1.0000000994736041e-07
433585662012,1.0000000994736041e-07
433585662013,0.9999999999999699
433585662014,1.0000000994736041e-07
1316240962008,1.0000000994736041e-07
1316240962009,1.0000000994736041e-07
1316240962010,1.0000000994736041e-07
1316240962011,1.0000000994736041e-07
1316240962012,1.0000000994736041e-07
1316240962013,1.0000000994736041e-07
1316240962014,1.0000000994736041e-07
1316240962015,1.0000000994736041e-07
1316240962016,1.0000000994736041e-07
1316240962017,1.0000000994736041e-07
1316240962018,1.0000000994736041e-07
1413385472008,1.0000000994736041e-07
1413385472009,1.0000000994736041e-07
1413385472010,1.0000000994736041e-07
1413385472011,1.0000000994736041e-07
1413385472012,1.0000000994736041e-07
1413385472013,1.0000000994736041e-07
1413385472014,1.0000000994736041e-07
1413385472015,1.0000000994736041e-07
1413385472016,1.0000000994736041e-07
1413385472017,1.0000000994736041e-07
1413385472018,1.0000000994736041e-07
1416417302008,1.0000000994736041e-07
1416417302009,1.0000000994736041e-07
1416417302010,1.0000000994736041e-07
1416417302011,1.0000000994736041e-07
1416417302012,1.0000000994736041e-07
1416417302013,1.0000000994736041e-07
1416417302014,1.0000000994736041e-07
1416417302015,1.0000000994736041e-07
1416417302016,1.0000000994736041e-07
1416417302017,1.0000000994736041e-07
1416780682008,1.0000000994736041e-07
1416780682009,1.0000000994736041e-07
1416780682010,1.0000000994736041e-07
1416780682011,1.0000000994736041e-07
1416780682012,1.0000000994736041e-07
1416780682013,1.0000000994736041e-07
1416780682014,1.0000000994736041e-07
1416780682015,1.0000000994736041e-07
1416780682016,1.0000000994736041e-07
1416780682017,1.0000000994736041e-07
1416780682018,1.0000000994736041e-07
2011064262008,1.0000000994736041e-07
2011064262009,1.0000000994736041e-07
2011064262010,1.0000000994736041e-07
2011064262011,1.0000000994736041e-07
2011064262012,1.0000000994736041e-07
2011064262013,1.0000000994736041e-07
2011064262014,1.0000000994736041e-07
2011064262015,1.0000000994736041e-07
2011064262016,1.0000000994736041e-07
2011064262017,1.0000000994736041e-07
2011064262018,1.0000000994736041e-07
2225946722008,1.0000000994736041e-07
2225946722009,1.0000000994736041e-07
2225946722010,1.0000000994736041e-07
2225946722011,1.0000000994736041e-07
2225946722012,1.0000000994736041e-07
2225946722013,1.0000000994736041e-07
2225946722014,1.0000000994736041e-07
2225946722015,1.0000000994736041e-07
2225946722016,1.0000000994736041e-07
2225946722017,1.0000000994736041e-07
2225946722018,1.0000000994736041e-07
2228619782008,1.0000000994736041e-07
2228619782009,1.0000000994736041e-07
2228619782010,1.0000000994736041e-07
2228619782011,1.0000000994736041e-07
2228619782012,1.0000000994736041e-07
2228619782013,1.0000000994736041e-07
2228619782014,1.0000000994736041e-07
2228619782015,1.0000000994736041e-07
2228619782016,1.0000000994736041e-07
2228619782017,1.0000000994736041e-07
2228619782018,1.0000000994736041e-07
2370640102017,1.0000000994736041e-07
2373791612008,1.0000000994736041e-07
2373791612009,1.0000000994736041e-07
2373791612010,0.9999999999999699
2373791612011,1.0000000994736041e-07
2373791612012,1.0000000994736041e-07
2373791612013,1.0000000994736041e-07
2373791612014,1.0000000994736041e-07
2373791612015,1.0000000994736041e-07
2373791612016,1.0000000994736041e-07
2373791612017,1.0000000994736041e-07
2373791612018,1.0000000994736041e-07
2514236572008,1.0000000994736041e-07
2514236572009,1.0000000994736041e-07
2514236572010,1.0000000994736041e-07
2514236572011,1.0000000994736041e-07
2514236572012,1.0000000994736041e-07
2514236572013,1.0000000994736041e-07
2514236572014,1.0000000994736041e-07
2514236572015,1.0000000994736041e-07
2514236572016,1.0000000994736041e-07
2514236572017,1.0000000994736041e-07
2514236572018,1.0000000994736041e-07
2515224452008,1.0000000994736041e-07
2515224452009,1.0000000994736041e-07
2515224452010,1.0000000994736041e-07
2515224452011,1.0000000994736041e-07
2515224452012,1.0000000994736041e-07
2515224452013,1.0000000994736041e-07
2515224452014,1.0000000994736041e-07
2515224452015,1.0000000994736041e-07
2515224452016,1.0000000994736041e-07
2515224452017,1.0000000994736041e-07
2515224452018,1.0000000994736041e-07
2604463912008,1.0000000994736041e-07
2604463912009,1.0000000994736041e-07
2604463912010,1.0000000994736041e-07
2604463912011,1.0000000994736041e-07
2604463912012,0.9999999999999699
2604463912013,1.0000000994736041e-07
2604463912014,1.0000000994736041e-07
2604463912015,1.0000000994736041e-07
2604463912016,1.0000000994736041e-07
2604463912017,1.0000000994736041e-07
2604463912018,1.0000000994736041e-07
2605868122008,1.0000000994736041e-07
2605868122009,1.0000000994736041e-07
2605868122010,1.0000000994736041e-07
2605868122011,1.0000000994736041e-07
2605868122012,0.9999999999999699
2605868122013,0.9999999999999699
2605868122014,0.9999999999999699
2605868122015,1.0000000994736041e-07
2605868122016,0.9999999999999699
2605868122017,0.9999999999999699
2605868122018,0.9999999999999699
2739883362009,1.0000000994736041e-07
2739883362010,1.0000000994736041e-07
2739883362011,1.0000000994736041e-07
2739883362012,1.0000000994736041e-07
2739883362013,1.0000000994736041e-07
2739883362014,1.0000000994736041e-07
2739883362015,1.0000000994736041e-07
2739883362016,1.0000000994736041e-07
2739883362017,1.0000000994736041e-07
2739883362018,1.0000000994736041e-07
3116261792008,1.0000000994736041e-07
3116261792009,1.0000000994736041e-07
3116261792010,1.0000000994736041e-07
3116261792011,1.0000000994736041e-07
3116261792012,1.0000000994736041e-07
3116261792013,1.0000000994736041e-07
3116261792014,1.0000000994736041e-07
3116261792015,1.0000000994736041e-07
3116261792016,1.0000000994736041e-07
3116261792017,1.0000000994736041e-07
3116261792018,1.0000000994736041e-07
3143949422008,1.0000000994736041e-07
3143949422009,1.0000000994736041e-07
3143949422010,1.0000000994736041e-07
3143949422011,1.0000000994736041e-07
3143949422012,1.0000000994736041e-07
3143949422013,1.0000000994736041e-07
3143949422014,1.0000000994736041e-07
3143949422015,1.0000000994736041e-07
3143949422016,1.0000000994736041e-07
3143949422017,1.0000000994736041e-07
3143949422018,1.0000000994736041e-07
3414258702008,1.0000000994736041e-07
3414258702009,1.0000000994736041e-07
3414258702010,1.0000000994736041e-07
3414258702011,1.0000000994736041e-07
3414258702012,1.0000000994736041e-07
3414258702013,1.0000000994736041e-07
3414258702014,1.0000000994736041e-07
3414258702015,1.0000000994736041e-07
3414258702016,1.0000000994736041e-07
3414258702017,1.0000000994736041e-07
3414258702018,1.0000000994736041e-07
3415176712008,1.0000000994736041e-07
3415176712009,1.0000000994736041e-07
3415176712010,1.0000000994736041e-07
3415176712011,1.0000000994736041e-07
3415176712012,1.0000000994736041e-07
3415176712013,1.0000000994736041e-07
3415176712014,1.0000000994736041e-07
3415176712015,1.0000000994736041e-07
3415176712016,1.0000000994736041e-07
3415176712017,1.0000000994736041e-07
3415176712018,1.0000000994736041e-07
3508681332008,1.0000000994736041e-07
3508681332009,1.0000000994736041e-07
3508681332010,1.0000000994736041e-07
3508681332011,1.0000000994736041e-07
3508681332012,1.0000000994736041e-07
3508681332013,1.0000000994736041e-07
3508681332014,1.0000000994736041e-07
3508681332015,1.0000000994736041e-07
3508681332016,1.0000000994736041e-07
3508681332017,1.0000000994736041e-07
3508681332018,1.0000000994736041e-07
3513304722008,1.0000000994736041e-07
3513304722009,1.0000000994736041e-07
3513304722010,1.0000000994736041e-07
3513304722011,1.0000000994736041e-07
3513304722012,1.0000000994736041e-07
3513304722013,1.0000000994736041e-07
3513304722014,1.0000000994736041e-07
3513304722015,1.0000000994736041e-07
3513304722016,1.0000000994736041e-07
3513304722017,1.0000000994736041e-07
3513304722018,1.0000000994736041e-07
3519723842008,1.0000000994736041e-07
3519723842009,1.0000000994736041e-07
3519723842010,1.0000000994736041e-07
3519723842011,1.0000000994736041e-07
3519723842012,1.0000000994736041e-07
3519723842013,1.0000000994736041e-07
3519723842014,1.0000000994736041e-07
3519723842015,1.0000000994736041e-07
3519723842016,1.0000000994736041e-07
3519723842017,1.0000000994736041e-07
3519723842018,1.0000000994736041e-07
3622226962008,1.0000000994736041e-07
3622226962009,1.0000000994736041e-07
3622226962010,1.0000000994736041e-07
3622226962011,1.0000000994736041e-07
3622226962012,1.0000000994736041e-07
3622226962013,1.0000000994736041e-07
3622226962014,1.0000000994736041e-07
3622226962015,1.0000000994736041e-07
3622226962016,1.0000000994736041e-07
3622226962017,1.0000000994736041e-07
3622226962018,1.0000000994736041e-07
3624149442008,1.0000000994736041e-07
3624149442009,1.0000000994736041e-07
3624149442010,1.0000000994736041e-07
3624149442011,1.0000000994736041e-07
3624149442012,1.0000000994736041e-07
3624149442013,1.0000000994736041e-07
3624149442014,1.0000000994736041e-07
3624149442015,1.0000000994736041e-07
3624149442016,1.0000000994736041e-07
3624149442017,1.0000000994736041e-07
3624149442018,1.0000000994736041e-07
3706189392008,1.0000000994736041e-07
3706189392009,1.0000000994736041e-07
3706189392010,1.0000000994736041e-07
3706189392011,1.0000000994736041e-07
3706189392012,1.0000000994736041e-07
3706189392013,1.0000000994736041e-07
3706189392014,1.0000000994736041e-07
3706189392015,1.0000000994736041e-07
3706189392016,1.0000000994736041e-07
3706189392017,1.0000000994736041e-07
3706189392018,1.0000000994736041e-07
3706735122008,1.0000000994736041e-07
3706735122009,0.9999999999999699
3706735122010,0.9999999999999699
3706735122011,1.0000000994736041e-07
3706735122012,1.0000000994736041e-07
3706735122013,1.0000000994736041e-07
3706735122014,1.0000000994736041e-07
3706735122015,1.0000000994736041e-07
3706735122016,1.0000000994736041e-07
3706735122017,1.0000000994736041e-07
3710586922008,1.0000000994736041e-07
3710586922009,1.0000000994736041e-07
3710586922010,1.0000000994736041e-07
3710586922011,1.0000000994736041e-07
3710586922012,1.0000000994736041e-07
3710586922013,1.0000000994736041e-07
3710586922014,1.0000000994736041e-07
3710586922015,1.0000000994736041e-07
3710586922016,1.0000000994736041e-07
3710586922017,1.0000000994736041e-07
3710586922018,1.0000000994736041e-07
3828000652008,1.0000000994736041e-07
3828000652009,1.0000000994736041e-07
3828000652010,1.0000000994736041e-07
3828000652011,1.0000000994736041e-07
3828000652012,1.0000000994736041e-07
3828000652013,1.0000000994736041e-07
3828000652014,1.0000000994736041e-07
3828000652015,1.0000000994736041e-07
3828000652016,1.0000000994736041e-07
3828000652018,1.0000000994736041e-07
3920144092009,1.0000000994736041e-07
3920144092010,1.0000000994736041e-07
3920144092011,1.0000000994736041e-07
3920144092012,1.0000000994736041e-07
3920144092013,1.0000000994736041e-07
3920144092014,1.0000000994736041e-07
3920144092015,1.0000000994736041e-07
3920144092016,1.0000000994736041e-07
3920144092017,1.0000000994736041e-07
3920144092018,1.0000000994736041e-07
4107306022008,1.0000000994736041e-07
4107306022009,1.0000000994736041e-07
4107306022010,0.9999999999999699
4107306022011,1.0000000994736041e-07
4107306022012,1.0000000994736041e-07
4107306022013,1.0000000994736041e-07
4107306022014,1.0000000994736041e-07
4107306022015,1.0000000994736041e-07
4107306022016,1.0000000994736041e-07
4107306022017,1.0000000994736041e-07
4116938382008,1.0000000994736041e-07
4116938382009,1.0000000994736041e-07
4116938382010,1.0000000994736041e-07
4116938382011,1.0000000994736041e-07
4116938382012,1.0000000994736041e-07
4116938382013,1.0000000994736041e-07
4116938382014,1.0000000994736041e-07
4116938382015,1.0000000994736041e-07
4116938382016,1.0000000994736041e-07
4116938382017,1.0000000994736041e-07
4116938382018,1.0000000994736041e-07
4117246372008,1.0000000994736041e-07
4117246372009,1.0000000994736041e-07
4117246372010,1.0000000994736041e-07
4117246372011,1.0000000994736041e-07
4117246372012,0.9999999999999699
4117246372013,1.0000000994736041e-07
4117246372014,1.0000000994736041e-07
4117246372015,1.0000000994736041e-07
4117246372016,0.9999999999999699
4117246372017,1.0000000994736041e-07
4117246372018,1.0000000994736041e-07
4118042052008,1.0000000994736041e-07
4118042052009,1.0000000994736041e-07
4118042052010,1.0000000994736041e-07
4118042052011,1.0000000994736041e-07
4118042052012,1.0000000994736041e-07
4118042052013,1.0000000994736041e-07
4118042052014,1.0000000994736041e-07
4118042052015,1.0000000994736041e-07
4118042052016,1.0000000994736041e-07
4118042052017,1.0000000994736041e-07
4118042052018,1.0000000994736041e-07
4119492302008,1.0000000994736041e-07
4119492302009,1.0000000994736041e-07
4119492302010,1.0000000994736041e-07
4119492302011,1.0000000994736041e-07
4119492302012,1.0000000994736041e-07
4119492302013,1.0000000994736041e-07
4119492302014,1.0000000994736041e-07
4119492302015,1.0000000994736041e-07
4119492302016,1.0000000994736041e-07
4119492302017,1.0000000994736041e-07
4119492302018,1.0000000994736041e-07
4206803702008,1.0000000994736041e-07
4206803702009,1.0000000994736041e-07
4206803702010,1.0000000994736041e-07
4206803702011,1.0000000994736041e-07
4206803702012,1.0000000994736041e-07
4206803702013,1.0000000994736041e-07
4206803702014,1.0000000994736041e-07
4206803702015,1.0000000994736041e-07
4206803702016,1.0000000994736041e-07
4206803702017,1.0000000994736041e-07
4208198192008,1.0000000994736041e-07
4208198192009,1.0000000994736041e-07
4208198192010,1.0000000994736041e-07
4208198192011,1.0000000994736041e-07
4208198192012,1.0000000994736041e-07
4208198192013,1.0000000994736041e-07
4208198192014,1.0000000994736041e-07
4208198192015,1.0000000994736041e-07
4208198192016,1.0000000994736041e-07
4208198192017,1.0000000994736041e-07
4208198192018,1.0000000994736041e-07
4213197872008,0.9999999999999699
4213197872009,1.0000000994736041e-07
4213197872010,0.9999999999999699
4213197872011,1.0000000994736041e-07
4213197872012,0.9999999999999699
4213197872013,0.9999999999999699
4213197872014,1.0000000994736041e-07
4213197872015,1.0000000994736041e-07
4213197872016,0.9999999999999699
4213701082008,1.0000000994736041e-07
4213701082009,1.0000000994736041e-07
4213701082010,1.0000000994736041e-07
4213701082011,1.0000000994736041e-07
4213701082012,1.0000000994736041e-07
4213701082013,1.0000000994736041e-07
4213701082014,1.0000000994736041e-07
4213701082015,1.0000000994736041e-07
4213701082016,1.0000000994736041e-07
4213701082017,1.0000000994736041e-07
4213701082018,1.0000000994736041e-07
4214084022008,1.0000000994736041e-07
4214084022009,1.0000000994736041e-07
4214084022010,1.0000000994736041e-07
4214084022011,1.0000000994736041e-07
4214084022012,1.0000000994736041e-07
4214084022013,1.0000000994736041e-07
4214084022014,1.0000000994736041e-07
4214084022015,1.0000000994736041e-07
4214084022016,1.0000000994736041e-07
4214084022017,1.0000000994736041e-07
4214084022018,1.0000000994736041e-07
4214188472008,1.0000000994736041e-07
4214188472009,1.0000000994736041e-07
4214188472010,1.0000000994736041e-07
4214188472011,1.0000000994736041e-07
4214188472012,1.0000000994736041e-07
4214188472013,1.0000000994736041e-07
4214188472014,1.0000000994736041e-07
4214188472015,1.0000000994736041e-07
4214188472016,1.0000000994736041e-07
4214188472017,1.0000000994736041e-07
4214188472018,1.0000000994736041e-07
4214699582008,1.0000000994736041e-07
4214699582009,1.0000000994736041e-07
4214699582010,1.0000000994736041e-07
4214699582011,1.0000000994736041e-07
4214699582012,1.0000000994736041e-07
4214699582013,1.0000000994736041e-07
4214699582014,1.0000000994736041e-07
4214699582015,1.0000000994736041e-07
4214699582016,1.0000000994736041e-07
4214699582017,1.0000000994736041e-07
4214699582018,1.0000000994736041e-07
4214731422008,1.0000000994736041e-07
4214731422009,1.0000000994736041e-07
4214731422010,1.0000000994736041e-07
4214731422011,1.0000000994736041e-07
4214731422012,1.0000000994736041e-07
4214731422013,1.0000000994736041e-07
4214731422014,1.0000000994736041e-07
4214731422015,1.0000000994736041e-07
4214731422016,1.0000000994736041e-07
4214731422017,1.0000000994736041e-07
4214731422018,1.0000000994736041e-07
4260062192008,1.0000000994736041e-07
4260062192009,1.0000000994736041e-07
4260062192010,1.0000000994736041e-07
4260062192011,1.0000000994736041e-07
4260062192012,1.0000000994736041e-07
4260062192013,1.0000000994736041e-07
4260062192014,1.0000000994736041e-07
4260062192015,1.0000000994736041e-07
4260062192016,1.0000000994736041e-07
4260062192017,1.0000000994736041e-07
4260062192018,1.0000000994736041e-07
4405452892008,1.0000000994736041e-07
4405452892009,1.0000000994736041e-07
4405452892010,1.0000000994736041e-07
4405452892011,1.0000000994736041e-07
4405452892012,1.0000000994736041e-07
4405452892013,1.0000000994736041e-07
4405452892014,1.0000000994736041e-07
4405452892015,1.0000000994736041e-07
4405452892016,1.0000000994736041e-07
4405452892017,1.0000000994736041e-07
4405452892018,1.0000000994736041e-07
4405463662008,1.0000000994736041e-07
4405463662009,1.0000000994736041e-07
4405463662010,1.0000000994736041e-07
4405463662011,1.0000000994736041e-07
4405463662012,1.0000000994736041e-07
4405463662013,1.0000000994736041e-07
4405463662014,1.0000000994736041e-07
4405463662015,1.0000000994736041e-07
4405463662016,1.0000000994736041e-07
4405463662017,1.0000000994736041e-07
4405463662018,1.0000000994736041e-07
4406559862008,1.0000000994736041e-07
4406559862009,1.0000000994736041e-07
4406559862010,1.0000000994736041e-07
4406559862011,1.0000000994736041e-07
4406559862012,1.0000000994736041e-07
4406559862013,1.0000000994736041e-07
4406559862014,1.0000000994736041e-07
4406559862015,1.0000000994736041e-07
4406559862016,0.9999999999999699
4406559862017,1.0000000994736041e-07
4406559862018,0.9999999999999699
4528807262008,1.0000000994736041e-07
4528807262009,1.0000000994736041e-07
4528807262010,1.0000000994736041e-07
4528807262011,1.0000000994736041e-07
4528807262012,1.0000000994736041e-07
4528807262013,1.0000000994736041e-07
4528807262014,1.0000000994736041e-07
4528807262015,1.0000000994736041e-07
4528807262016,1.0000000994736041e-07
4528807262017,1.0000000994736041e-07
4528807262018,1.0000000994736041e-07
4707968752008,1.0000000994736041e-07
4707968752009,1.0000000994736041e-07
4707968752010,1.0000000994736041e-07
4707968752011,1.0000000994736041e-07
4707968752012,1.0000000994736041e-07
4707968752013,1.0000000994736041e-07
4707968752014,1.0000000994736041e-07
4707968752015,1.0000000994736041e-07
4707968752016,1.0000000994736041e-07
4707968752017,1.0000000994736041e-07
4707968752018,1.0000000994736041e-07
4805776582008,1.0000000994736041e-07
4805776582009,1.0000000994736041e-07
4805776582010,1.0000000994736041e-07
4805776582011,1.0000000994736041e-07
4805776582012,1.0000000994736041e-07
4805776582013,0.9999999999999699
4805776582014,1.0000000994736041e-07
4805776582015,0.9999999999999699
4805776582016,0.9999999999999699
4805776582017,1.0000000994736041e-07
4805776582018,0.9999999999999699
4805776642008,1.0000000994736041e-07
4805776642009,1.0000000994736041e-07
4805776642010,1.0000000994736041e-07
4805776642011,1.0000000994736041e-07
4805776642012,1.0000000994736041e-07
4805776642013,1.0000000994736041e-07
4805776642014,1.0000000994736041e-07
4805776642015,1.0000000994736041e-07
4805776642016,1.0000000994736041e-07
4805776642017,1.0000000994736041e-07
4805776642018,1.0000000994736041e-07
4811198792008,1.0000000994736041e-07
4811198792009,1.0000000994736041e-07
4811198792010,1.0000000994736041e-07
4811198792011,1.0000000994736041e-07
4811198792012,1.0000000994736041e-07
4811198792013,1.0000000994736041e-07
4811198792014,1.0000000994736041e-07
4811198792015,0.9999999999999699
4811198792016,0.9999999999999699
4811198792017,0.9999999999999699
4811198792018,0.9999999999999699
4860757842008,1.0000000994736041e-07
4860757842009,1.0000000994736041e-07
4860757842010,1.0000000994736041e-07
4860757842011,1.0000000994736041e-07
4860757842012,1.0000000994736041e-07
4860757842013,1.0000000994736041e-07
4860757842014,1.0000000994736041e-07
4860757842015,1.0000000994736041e-07
4860757842016,1.0000000994736041e-07
4860757842017,1.0000000994736041e-07
4860757842018,1.0000000994736041e-07
5205916562008,1.0000000994736041e-07
5205916562009,1.0000000994736041e-07
5205916562010,1.0000000994736041e-07
5205916562011,1.0000000994736041e-07
5205916562012,1.0000000994736041e-07
5205916562013,1.0000000994736041e-07
5205916562014,1.0000000994736041e-07
5205916562015,1.0000000994736041e-07
5205916562016,1.0000000994736041e-07
5205916562017,1.0000000994736041e-07
5205916562018,1.0000000994736041e-07
5207955082008,0.9999999999999699
5207955082009,1.0000000994736041e-07
5207955082010,1.0000000994736041e-07
5207955082011,1.0000000994736041e-07
5207955082012,1.0000000994736041e-07
5207955082013,1.0000000994736041e-07
5207955082014,1.0000000994736041e-07
5207955082015,1.0000000994736041e-07
5207955082016,1.0000000994736041e-07
5207955082017,1.0000000994736041e-07
5207955082018,1.0000000994736041e-07
5213577292008,1.0000000994736041e-07
5213577292009,1.0000000994736041e-07
5213577292010,1.0000000994736041e-07
5213577292011,1.0000000994736041e-07
5213577292012,1.0000000994736041e-07
5213577292013,1.0000000994736041e-07
5213577292014,1.0000000994736041e-07
5213577292015,1.0000000994736041e-07
5213577292016,1.0000000994736041e-07
5213577292017,1.0000000994736041e-07
5213577292018,1.0000000994736041e-07
5213627932008,1.0000000994736041e-07
5213627932009,1.0000000994736041e-07
5213627932010,1.0000000994736041e-07
5213627932011,1.0000000994736041e-07
5213627932012,1.0000000994736041e-07
5213627932013,1.0000000994736041e-07
5213627932014,1.0000000994736041e-07
5213627932015,1.0000000994736041e-07
5213627932016,1.0000000994736041e-07
5213627932017,1.0000000994736041e-07
5213627932018,1.0000000994736041e-07
5223473242008,1.0000000994736041e-07
5223473242009,1.0000000994736041e-07
5223473242010,1.0000000994736041e-07
5223473242011,1.0000000994736041e-07
5223473242012,1.0000000994736041e-07
5223473242013,1.0000000994736041e-07
5223473242014,1.0000000994736041e-07
5223473242015,1.0000000994736041e-07
5223473242016,1.0000000994736041e-07
5223473242017,1.0000000994736041e-07
5223473242018,1.0000000994736041e-07
5411907712008,1.0000000994736041e-07
5411907712009,1.0000000994736041e-07
5411907712010,1.0000000994736041e-07
5411907712011,1.0000000994736041e-07
5411907712012,1.0000000994736041e-07
5411907712013,1.0000000994736041e-07
5411907712014,1.0000000994736041e-07
5411907712015,1.0000000994736041e-07
5411907712016,1.0000000994736041e-07
5411907712017,1.0000000994736041e-07
5411907712018,1.0000000994736041e-07
5605323022008,1.0000000994736041e-07
5605323022009,1.0000000994736041e-07
5605323022010,1.0000000994736041e-07
5605323022011,1.0000000994736041e-07
5605323022012,1.0000000994736041e-07
5605323022013,1.0000000994736041e-07
5605323022014,1.0000000994736041e-07
5605323022015,1.0000000994736041e-07
5605323022016,1.0000000994736041e-07
5605323022017,1.0000000994736041e-07
5605323022018,1.0000000994736041e-07
5613769502008,1.0000000994736041e-07
5613769502009,1.0000000994736041e-07
5613769502010,1.0000000994736041e-07
5613769502011,1.0000000994736041e-07
5613769502012,1.0000000994736041e-07
5613769502013,1.0000000994736041e-07
5613769502014,1.0000000994736041e-07
5613769502015,1.0000000994736041e-07
5613769502016,1.0000000994736041e-07
5613769502017,1.0000000994736041e-07
5613769502018,1.0000000994736041e-07
5703702422008,1.0000000994736041e-07
5703702422009,1.0000000994736041e-07
5703702422010,1.0000000994736041e-07
5703702422011,1.0000000994736041e-07
5703702422012,1.0000000994736041e-07
5703702422013,1.0000000994736041e-07
5703702422014,1.0000000994736041e-07
5703702422015,1.0000000994736041e-07
5703702422016,1.0000000994736041e-07
5703702422017,1.0000000994736041e-07
5703702422018,1.0000000994736041e-07
5816495412008,1.0000000994736041e-07
5816495412009,1.0000000994736041e-07
5816495412010,1.0000000994736041e-07
5816495412011,1.0000000994736041e-07
5816495412012,1.0000000994736041e-07
5816495412013,1.0000000994736041e-07
5816495412014,1.0000000994736041e-07
5816495412015,1.0000000994736041e-07
5816495412016,1.0000000994736041e-07
5816495412017,1.0000000994736041e-07
5816495412018,1.0000000994736041e-07
5818476572008,1.0000000994736041e-07
5818476572009,1.0000000994736041e-07
5818476572010,1.0000000994736041e-07
5818476572011,1.0000000994736041e-07
5818476572012,1.0000000994736041e-07
5818476572013,1.0000000994736041e-07
5818476572014,1.0000000994736041e-07
5818476572015,1.0000000994736041e-07
5818476572016,1.0000000994736041e-07
5818476572017,1.0000000994736041e-07
5818476572018,1.0000000994736041e-07
5820010142008,1.0000000994736041e-07
5820010142009,1.0000000994736041e-07
5820010142010,1.0000000994736041e-07
5820010142011,1.0000000994736041e-07
5820010142012,1.0000000994736041e-07
5820010142013,1.0000000994736041e-07
5820010142014,1.0000000994736041e-07
5820010142015,1.0000000994736041e-07
5820010142016,1.0000000994736041e-07
5820010142017,1.0000000994736041e-07
5820010142018,1.0000000994736041e-07
5821759752008,1.0000000994736041e-07
5821759752009,1.0000000994736041e-07
5821759752010,1.0000000994736041e-07
5821759752011,1.0000000994736041e-07
5821759752012,1.0000000994736041e-07
5821759752013,1.0000000994736041e-07
5821759752014,1.0000000994736041e-07
5821759752015,1.0000000994736041e-07
5821759752016,1.0000000994736041e-07
5821759752017,1.0000000994736041e-07
5821759752018,1.0000000994736041e-07
5822579252008,1.0000000994736041e-07
5822579252009,1.0000000994736041e-07
5822579252010,1.0000000994736041e-07
5822579252011,1.0000000994736041e-07
5822579252012,1.0000000994736041e-07
5822579252013,0.9999999999999699
5822579252014,0.9999999999999699
5822579252015,0.9999999999999699
5822579252016,0.9999999999999699
5822579252017,1.0000000994736041e-07
5822579252018,0.9999999999999699
5906244242008,1.0000000994736041e-07
5906244242009,1.0000000994736041e-07
5906244242010,1.0000000994736041e-07
5906244242011,1.0000000994736041e-07
5906244242012,1.0000000994736041e-07
5906244242013,1.0000000994736041e-07
5906244242014,1.0000000994736041e-07
5906244242015,1.0000000994736041e-07
5906244242016,1.0000000994736041e-07
5906244242017,1.0000000994736041e-07
5906244242018,1.0000000994736041e-07
5908789822008,1.0000000994736041e-07
5908789822009,1.0000000994736041e-07
5908789822010,1.0000000994736041e-07
5908789822011,1.0000000994736041e-07
5908789822012,1.0000000994736041e-07
5908789822013,1.0000000994736041e-07
5908789822014,1.0000000994736041e-07
5908789822015,1.0000000994736041e-07
5908789822016,1.0000000994736041e-07
5908789822017,1.0000000994736041e-07
5908789822018,1.0000000994736041e-07
5914602392008,1.0000000994736041e-07
5914602392009,1.0000000994736041e-07
5914602392010,1.0000000994736041e-07
5914602392011,1.0000000994736041e-07
5914602392012,1.0000000994736041e-07
5914602392013,1.0000000994736041e-07
5914602392014,1.0000000994736041e-07
5914602392015,1.0000000994736041e-07
5914602392016,1.0000000994736041e-07
5914602392017,1.0000000994736041e-07
5919170162008,1.0000000994736041e-07
5919170162009,1.0000000994736041e-07
5919170162010,1.0000000994736041e-07
5919170162011,1.0000000994736041e-07
5919170162012,1.0000000994736041e-07
5919170162013,1.0000000994736041e-07
5919170162014,1.0000000994736041e-07
5919170162015,1.0000000994736041e-07
5919170162016,1.0000000994736041e-07
5919170162017,1.0000000994736041e-07
5919170162018,1.0000000994736041e-07
5919435022008,1.0000000994736041e-07
5919435022009,1.0000000994736041e-07
5919435022010,1.0000000994736041e-07
5919435022011,1.0000000994736041e-07
5919435022012,1.0000000994736041e-07
5919435022013,1.0000000994736041e-07
5919435022014,1.0000000994736041e-07
5919435022015,1.0000000994736041e-07
5919435022016,1.0000000994736041e-07
5919435022017,1.0000000994736041e-07
5919435022018,1.0000000994736041e-07
5927969662018,1.0000000994736041e-07
6104447072008,1.0000000994736041e-07
6104447072009,1.0000000994736041e-07
6104447072010,1.0000000994736041e-07
6104447072011,1.0000000994736041e-07
6104447072012,1.0000000994736041e-07
6104447072013,1.0000000994736041e-07
6104447072014,1.0000000994736041e-07
6104447072015,1.0000000994736041e-07
6104447072016,1.0000000994736041e-07
6104583762008,1.0000000994736041e-07
6104583762009,1.0000000994736041e-07
6104583762010,1.0000000994736041e-07
6104583762011,1.0000000994736041e-07
6104583762012,1.0000000994736041e-07
6104583762013,1.0000000994736041e-07
6104583762014,1.0000000994736041e-07
6104583762015,1.0000000994736041e-07
6104583762016,1.0000000994736041e-07
6104583762017,1.0000000994736041e-07
6104583762018,1.0000000994736041e-07
6104829732008,1.0000000994736041e-07
6104829732009,1.0000000994736041e-07
6104829732010,1.0000000994736041e-07
6104829732011,1.0000000994736041e-07
6104829732012,1.0000000994736041e-07
6104829732013,1.0000000994736041e-07
6104829732014,1.0000000994736041e-07
6104829732015,1.0000000994736041e-07
6104829732016,1.0000000994736041e-07
6104829732017,1.0000000994736041e-07
6104829732018,1.0000000994736041e-07
6204762822008,1.0000000994736041e-07
6204762822009,1.0000000994736041e-07
6204762822010,1.0000000994736041e-07
6204762822011,1.0000000994736041e-07
6204762822012,1.0000000994736041e-07
6204762822013,1.0000000994736041e-07
6204762822014,1.0000000994736041e-07
6204762822015,1.0000000994736041e-07
6204762822016,1.0000000994736041e-07
6204762822017,1.0000000994736041e-07
6311786282008,0.9999999999999699
6311786282009,0.9999999999999699
6311786282010,0.9999999999999699
6311786282011,1.0000000994736041e-07
6311786282012,0.9999999999999699
6311786282013,0.9999999999999699
6311786282014,0.9999999999999699
6311786282015,0.9999999999999699
6311786282016,0.9999999999999699
6311786282017,1.0000000994736041e-07
6311786282018,0.9999999999999699
6312196832008,1.0000000994736041e-07
6312196832009,1.0000000994736041e-07
6312196832010,0.9999999999999699
6312196832011,0.9999999999999699
6312196832012,1.0000000994736041e-07
6312196832013,0.9999999999999699
6312196832014,1.0000000994736041e-07
6312196832015,1.0000000994736041e-07
6312196832016,0.9999999999999699
6312196832017,0.9999999999999699
6312196832018,0.9999999999999699
6360572932008,1.0000000994736041e-07
6360572932009,1.0000000994736041e-07
6360572932010,1.0000000994736041e-07
6360572932011,1.0000000994736041e-07
6360572932012,1.0000000994736041e-07
6360572932013,1.0000000994736041e-07
6360572932014,1.0000000994736041e-07
6360572932015,1.0000000994736041e-07
6360572932016,1.0000000994736041e-07
6360572932017,1.0000000994736041e-07
6360572932018,1.0000000994736041e-07
6404280032008,1.0000000994736041e-07
6404280032009,1.0000000994736041e-07
6404280032010,1.0000000994736041e-07
6404280032011,1.0000000994736041e-07
6404280032012,1.0000000994736041e-07
6404280032013,1.0000000994736041e-07
6404280032014,1.0000000994736041e-07
6404280032015,1.0000000994736041e-07
6404280032016,1.0000000994736041e-07
6404280032017,1.0000000994736041e-07
6404280032018,1.0000000994736041e-07
6460015872008,1.0000000994736041e-07
6460015872009,1.0000000994736041e-07
6460015872010,1.0000000994736041e-07
6460015872011,1.0000000994736041e-07
6460015872012,1.0000000994736041e-07
6460015872013,1.0000000994736041e-07
6460015872014,1.0000000994736041e-07
6460015872015,1.0000000994736041e-07
6460015872016,1.0000000994736041e-07
6460015872017,1.0000000994736041e-07
6460015872018,1.0000000994736041e-07
6502676682008,1.0000000994736041e-07
6502676682009,1.0000000994736041e-07
6502676682010,1.0000000994736041e-07
6502676682011,1.0000000994736041e-07
6502676682012,1.0000000994736041e-07
6502676682013,1.0000000994736041e-07
6502676682014,1.0000000994736041e-07
6502676682015,1.0000000994736041e-07
6502676682016,1.0000000994736041e-07
6502676682017,1.0000000994736041e-07
6502676682018,1.0000000994736041e-07
6800415542008,1.0000000994736041e-07
6800415542009,1.0000000994736041e-07
6800415542010,0.9999999999999699
6800415542011,1.0000000994736041e-07
6800415542012,1.0000000994736041e-07
6800415542013,0.9999999999999699
6800415542014,1.0000000994736041e-07
6800415542015,0.9999999999999699
6800415542016,1.0000000994736041e-07
6800415542017,0.9999999999999699
6800415542018,0.9999999999999699
7102368562008,1.0000000994736041e-07
7102368562009,1.0000000994736041e-07
7102368562010,1.0000000994736041e-07
7102368562011,1.0000000994736041e-07
7102368562012,1.0000000994736041e-07
7102368562013,1.0000000994736041e-07
7102368562014,1.0000000994736041e-07
7102368562015,1.0000000994736041e-07
7102368562016,1.0000000994736041e-07
7102368562017,1.0000000994736041e-07
7102368562018,1.0000000994736041e-07
7306576932008,1.0000000994736041e-07
7306576932009,1.0000000994736041e-07
7306576932010,1.0000000994736041e-07
7306576932011,1.0000000994736041e-07
7306576932012,1.0000000994736041e-07
7306576932013,1.0000000994736041e-07
7306576932014,1.0000000994736041e-07
7306576932015,1.0000000994736041e-07
7306576932016,1.0000000994736041e-07
7306576932017,1.0000000994736041e-07
7306576932018,1.0000000994736041e-07
7315595612008,1.0000000994736041e-07
7315595612009,1.0000000994736041e-07
7315595612010,1.0000000994736041e-07
7315595612011,1.0000000994736041e-07
7315595612012,1.0000000994736041e-07
7315595612013,1.0000000994736041e-07
7315595612014,1.0000000994736041e-07
7315595612015,1.0000000994736041e-07
7315595612016,1.0000000994736041e-07
7315595612017,1.0000000994736041e-07
7315595612018,1.0000000994736041e-07
7425578202008,1.0000000994736041e-07
7425578202009,1.0000000994736041e-07
7425578202010,1.0000000994736041e-07
7425578202011,1.0000000994736041e-07
7425578202012,1.0000000994736041e-07
7425578202013,1.0000000994736041e-07
7425578202014,1.0000000994736041e-07
7425578202015,1.0000000994736041e-07
7425578202016,1.0000000994736041e-07
7425578202017,1.0000000994736041e-07
7425578202018,1.0000000994736041e-07
7523029282008,1.0000000994736041e-07
7523029282009,0.9999999999986612
7523029282010,1.0000000994736041e-07
7523029282011,0.9999999999999699
7523029282012,0.9999999999999699
7523029282013,0.9999999999999699
7523029282014,0.9999999999999699
7523029282015,0.9999999999999699
7523029282016,0.9999999999999699
7523029282017,0.9999999999999699
7523029282018,0.9999999999999699
7600947432008,1.0000000994736041e-07
7600947432009,1.0000000994736041e-07
7600947432010,1.0000000994736041e-07
7600947432011,1.0000000994736041e-07
7600947432012,1.0000000994736041e-07
7600947432013,1.0000000994736041e-07
7600947432014,1.0000000994736041e-07
7600947432015,1.0000000994736041e-07
7600947432016,1.0000000994736041e-07
7600947432017,1.0000000994736041e-07
7600947432018,1.0000000994736041e-07
7704941402008,1.0000000994736041e-07
7704941402009,1.0000000994736041e-07
7704941402010,1.0000000994736041e-07
7704941402011,1.0000000994736041e-07
7704941402012,1.0000000994736041e-07
7704941402013,1.0000000994736041e-07
7704941402014,1.0000000994736041e-07
7704941402015,1.0000000994736041e-07
7704941402016,1.0000000994736041e-07
7704941402017,1.0000000994736041e-07
7704941402018,1.0000000994736041e-07
8501056012008,1.0000000994736041e-07
8501056012009,1.0000000994736041e-07
8501056012010,1.0000000994736041e-07
8501056012011,1.0000000994736041e-07
8501056012012,1.0000000994736041e-07
8501056012013,1.0000000994736041e-07
8501056012014,1.0000000994736041e-07
8501056012015,1.0000000994736041e-07
8501056012016,1.0000000994736041e-07
8501056012017,1.0000000994736041e-07
8501056012018,1.0000000994736041e-07
8502941432008,1.0000000994736041e-07
8502941432009,0.9999999999999699
8502941432010,1.0000000994736041e-07
8502941432011,1.0000000994736041e-07
8502941432012,1.0000000994736041e-07
8502941432013,0.9999999999999699
8502941432014,1.0000000994736041e-07
8502941432015,1.0000000994736041e-07
8502941432016,0.9999999999999699
8502941432017,0.9999999999999699
8502941432018,1.0000000994736041e-07
8560003212008,1.0000000994736041e-07
8560003212009,1.0000000994736041e-07
8560003212010,1.0000000994736041e-07
8560003212011,1.0000000994736041e-07
8560003212012,1.0000000994736041e-07
8560003212013,0.9999999999999699
8560003212014,1.0000000994736041e-07
8560003212015,1.0000000994736041e-07
8560003212016,1.0000000994736041e-07
8560003212017,0.9999999999999699
8560003212018,1.0000000994736041e-07
8600989232008,1.0000000994736041e-07
8600989232009,1.0000000994736041e-07
8600989232010,1.0000000994736041e-07
8600989232011,1.0000000994736041e-07
8600989232012,1.0000000994736041e-07
8600989232013,1.0000000994736041e-07
8600989232014,1.0000000994736041e-07
8600989232015,1.0000000994736041e-07
8600989232016,1.0000000994736041e-07
8600989232017,1.0000000994736041e-07
8600989232018,1.0000000994736041e-07
8704744222008,1.0000000994736041e-07
8704744222009,1.0000000994736041e-07
8704744222010,1.0000000994736041e-07
8704744222011,1.0000000994736041e-07
8704744222012,1.0000000994736041e-07
8704744222013,1.0000000994736041e-07
8704744222014,1.0000000994736041e-07
8704744222015,1.0000000994736041e-07
8704744222016,1.0000000994736041e-07
8704744222017,1.0000000994736041e-07
8704744222018,1.0000000994736041e-07
8805023202008,1.0000000994736041e-07
8805023202009,1.0000000994736041e-07
8805023202010,1.0000000994736041e-07
8805023202011,1.0000000994736041e-07
8805023202012,1.0000000994736041e-07
8805023202013,1.0000000994736041e-07
8805023202014,1.0000000994736041e-07
8805023202015,1.0000000994736041e-07
8805023202016,1.0000000994736041e-07
8805023202017,1.0000000994736041e-07
8805023202018,1.0000000994736041e-07
9101712502008,1.0000000994736041e-07
9101712502009,1.0000000994736041e-07
9101712502010,1.0000000994736041e-07
9101712502011,1.0000000994736041e-07
9101712502012,1.0000000994736041e-07
9101712502013,1.0000000994736041e-07
9101712502014,1.0000000994736041e-07
9101712502015,1.0000000994736041e-07
9101712502016,1.0000000994736041e-07
9101712502017,1.0000000994736041e-07
9101712502018,1.0000000994736041e-07
9305797222008,1.0000000994736041e-07
9305797222009,1.0000000994736041e-07
9305797222010,1.0000000994736041e-07
9305797222011,1.0000000994736041e-07
9305797222012,1.0000000994736041e-07
9305797222013,1.0000000994736041e-07
9305797222014,1.0000000994736041e-07
9305797222015,1.0000000994736041e-07
9305797222016,1.0000000994736041e-07
9305797222017,1.0000000994736041e-07
9305797222018,1.0000000994736041e-07
9411962032008,1.0000000994736041e-07
9411962032009,1.0000000994736041e-07
9411962032010,1.0000000994736041e-07
9411962032011,1.0000000994736041e-07
9411962032012,1.0000000994736041e-07
9411962032013,1.0000000994736041e-07
9411962032014,1.0000000994736041e-07
9411962032015,1.0000000994736041e-07
9411962032016,1.0000000994736041e-07
9411962032017,1.0000000994736041e-07
9411962032018,1.0000000994736041e-07
9417294632008,1.0000000994736041e-07
9417294632009,1.0000000994736041e-07
9417294632010,1.0000000994736041e-07
9417294632011,1.0000000994736041e-07
9417294632012,1.0000000994736041e-07
9417294632013,1.0000000994736041e-07
9417294632014,1.0000000994736041e-07
9417294632015,1.0000000994736041e-07
9417294632016,1.0000000994736041e-07
9417294632017,1.0000000994736041e-07
9417294632018,1.0000000994736041e-07
9427358502008,1.0000000994736041e-07
9427358502009,1.0000000994736041e-07
9427358502010,1.0000000994736041e-07
9427358502011,1.0000000994736041e-07
9427358502012,1.0000000994736041e-07
9427358502013,1.0000000994736041e-07
9427358502014,1.0000000994736041e-07
9427358502015,1.0000000994736041e-07
9427358502016,1.0000000994736041e-07
9427358502017,1.0000000994736041e-07
9427358502018,1.0000000994736041e-07
9428232352008,1.0000000994736041e-07
9428232352009,1.0000000994736041e-07
9428232352010,9.768844557221987e-07
9428232352011,1.0000000994736041e-07
9428232352012,1.0000000994736041e-07
9428232352013,1.0000000994736041e-07
9428232352014,1.0000000994736041e-07
9428232352015,1.0000000994736041e-07
9428232352016,1.0000000994736041e-07
9428232352017,1.0000000994736041e-07
9428232352018,1.0000000994736041e-07
9533085222008,1.0000000994736041e-07
9533085222009,1.0000000994736041e-07
9533085222010,1.0000000994736041e-07
9533085222011,1.0000000994736041e-07
9533085222012,1.0000000994736041e-07
9533085222013,1.0000000994736041e-07
9533085222014,1.0000000994736041e-07
9533085222015,1.0000000994736041e-07
9533085222016,1.0000000994736041e-07
9533085222017,1.0000000994736041e-07
9533085222018,1.0000000994736041e-07
9560041492008,0.9999999999999699
9560041492009,0.9999999999999699
9560041492010,0.9999999999999699
9560041492011,0.9999999999999699
9560041492012,1.0000000994736041e-07
9560041492013,0.9999999999999699
9560041492014,0.9999999999999699
9560041492015,1.0000000994736041e-07
9560041492016,1.0000000994736041e-07
9560041492017,0.9999999999999699
9560041492018,1.0000000994736041e-07
