Unique Id DIST
52008 0.911786245
52009 0.340572485
52010 0.689627153
52011 0.559136092
52012 0.659141647
52013 0.911719808
52014 0.775594004
52015 0.075163333
52016 0.568106218
52017 0.286889224
52018 0.235634548
82008 0.421154235
82009 0.810217804
82010 0.914149248
82011 0.002556886
82012 0.900622107
82013 0.060396711
82014 0.264548933
82015 0.174133265
82016 0.054390063
82017 0.603455325
82018 0.161604287
132008 0.917358542
132009 0.133597621
132010 0.02128277
132011 0.313445509
132012 0.547226035
132013 0.529759722
132014 0.723784136
132015 0.759301292
132016 0.046261778
132017 0.205689876
132018 0.264571002
152008 0.567545636
152009 0.543205331
152010 0.017878636
152011 0.531083563
152012 0.989836802
152013 0.561670722
152014 0.444837591
152015 0.047362987
152016 0.41604776
152017 0.307128201
202008 0.052950914
202009 0.090806357
202010 0.968478758
202011 0.718662817
202012 0.899421594
202013 0.189293191
202014 0.989612609
202015 0.678087173
202016 0.28108263
202017 0.008828139
202018 0.903026743
222008 0.372077621
222009 0.377443812
222010 0.914033091
222011 0.993921168
222012 0.476915453
222013 0.019809724
222014 0.756615471
222015 0.600988948
222016 0.89813768
222017 0.62594778
222018 0.395381926
232008 0.969487709
232009 0.684126685
232010 0.660905588
232011 0.123648633
232012 0.545403947
232013 0.845504231
232014 0.15709593
232015 0.852815393
232016 0.19406282
232017 0.54166276
232018 0.798300941
432300352008 0.082659737
432300352009 0.228464884
432300352010 0.026998067
432300352011 0.147156131
432300352012 0.974713777
432300352013 0.212435545
432300352014 0.406671829
432300352015 0.696316457
432300352016 0.712158056
432300352017 0.681798098
432300352018 0.644823228
433585662008 0.077784543
433585662009 0.668420183
433585662010 0.800978242
433585662011 0.710097651
433585662012 0.722330179
433585662013 0.782793389
433585662014 0.918442841
1316240962008 0.190876803
1316240962009 0.949841661
1316240962010 0.765212545
1316240962011 0.401679887
1316240962012 0.719572886
1316240962013 0.858810858
1316240962014 0.813664687
1316240962015 0.001672263
1316240962016 0.274406433
1316240962017 0.638052115
1316240962018 0.416999637
1413385472008 0.567236961
1413385472009 0.564537606
1413385472010 0.805245892
1413385472011 0.848530349
1413385472012 0.809077386
1413385472013 0.69771974
1413385472014 0.98575175
1413385472015 0.279885257
1413385472016 0.642015526
1413385472017 0.55537097
1413385472018 0.902546412
1416417302008 0.951895629
1416417302009 0.125316994
1416417302010 0.356350671
1416417302011 0.008991045
1416417302012 0.544127752
1416417302013 0.135819923
1416417302014 0.782781545
1416417302015 0.568915315
1416417302016 0.304781045
1416417302017 0.885593522
1416780682008 0.392604714
1416780682009 0.318335217
1416780682010 0.965193736
1416780682011 0.376898371
1416780682012 0.20645453
1416780682013 0.30705711
1416780682014 0.689795702
1416780682015 0.460593071
1416780682016 0.515509218
1416780682017 0.169708843
1416780682018 0.410356115
2011064262008 0.099366043
2011064262009 0.016741712
2011064262010 0.08694576
2011064262011 0.566815287
2011064262012 0.707922369
2011064262013 0.44159711
2011064262014 0.906821774
2011064262015 0.39590638
2011064262016 0.907070262
2011064262017 0.401865895
2011064262018 0.746727186
2225946722008 0.087503759
2225946722009 0.737751019
2225946722010 0.134151006
2225946722011 0.855011504
2225946722012 0.866918993
2225946722013 0.444667251
2225946722014 0.026822512
2225946722015 0.505666594
2225946722016 0.087315615
2225946722017 0.129800151
2225946722018 0.003571523
2228619782008 0.31184731
2228619782009 0.36291559
2228619782010 0.076190329
2228619782011 0.428249519
2228619782012 0.971961812
2228619782013 0.554533873
2228619782014 0.626765392
2228619782015 0.211266612
2228619782016 0.939324859
2228619782017 0.509576012
2228619782018 0.41332376
2370640102017 0.09606367
2373791612008 0.037244645
2373791612009 0.097935725
2373791612010 0.398668028
2373791612011 0.699853131
2373791612012 0.109690841
2373791612013 0.726316579
2373791612014 0.768648813
2373791612015 0.104137377
2373791612016 0.766296631
2373791612017 0.294358152
2373791612018 0.063966393
2514236572008 0.543940371
2514236572009 0.53381248
2514236572010 0.267721393
2514236572011 0.170792135
2514236572012 0.840625422
2514236572013 0.711668737
2514236572014 0.720349648
2514236572015 0.979656486
2514236572016 0.885287225
2514236572017 0.51611582
2514236572018 0.470966609
2515224452008 0.185929841
2515224452009 0.008844195
2515224452010 0.192942303
2515224452011 0.835011483
2515224452012 0.362921131
2515224452013 0.03039657
2515224452014 0.015380489
2515224452015 0.411335436
2515224452016 0.792519032
2515224452017 0.141523255
2515224452018 0.375372918
2604463912008 0.755379643
2604463912009 0.405643869
2604463912010 0.259926443
2604463912011 0.041568255
2604463912012 0.60601458
2604463912013 0.12914303
2604463912014 0.301387354
2604463912015 0.441821022
2604463912016 0.086627493
2604463912017 0.06925157
2604463912018 0.027988578
2605868122008 0.24292531
2605868122009 0.104181359
2605868122010 0.587092892
2605868122011 0.593974617
2605868122012 0.237905346
2605868122013 0.180598362
2605868122014 0.841359589
2605868122015 0.177104577
2605868122016 0.53752269
2605868122017 0.360874819
2605868122018 0.611226295
2739883362009 0.713700665
2739883362010 0.810280862
2739883362011 0.715012085
2739883362012 0.824378297
2739883362013 0.577329449
2739883362014 0.795283438
2739883362015 0.317109038
2739883362016 0.534540143
2739883362017 0.916495509
2739883362018 0.410017597
3116261792008 0.215868138
3116261792009 0.204420917
3116261792010 0.974999717
3116261792011 0.030201215
3116261792012 0.700840665
3116261792013 0.805193582
3116261792014 0.16076415
3116261792015 0.568293906
3116261792016 0.079920396
3116261792017 0.857184521
3116261792018 0.392112125
3143949422008 0.360525948
3143949422009 0.292328348
3143949422010 0.252159907
3143949422011 0.60654021
3143949422012 0.180735812
3143949422013 0.668749985
3143949422014 0.519286256
3143949422015 0.75559796
3143949422016 0.593231607
3143949422017 0.713533007
3143949422018 0.3225594
3414258702008 0.748389914
3414258702009 0.009352604
3414258702010 0.905813282
3414258702011 0.308197879
3414258702012 0.795431327
3414258702013 0.688051386
3414258702014 0.520545268
3414258702015 0.154010528
3414258702016 0.433053186
3414258702017 0.04370069
3414258702018 0.647905141
3415176712008 0.010010324
3415176712009 0.015521861
3415176712010 0.134632435
3415176712011 0.793416577
3415176712012 0.802176368
3415176712013 0.275193727
3415176712014 0.099398511
3415176712015 0.982938112
3415176712016 0.364126649
3415176712017 0.048502879
3415176712018 0.915460805
3508681332008 0.488003112
3508681332009 0.530235122
3508681332010 0.791333896
3508681332011 0.094390353
3508681332012 0.480131075
3508681332013 0.108528333
3508681332014 0.87706615
3508681332015 0.785386235
3508681332016 0.259039157
3508681332017 0.525683777
3508681332018 0.921914959
3513304722008 0.448843245
3513304722009 0.525693442
3513304722010 0.975100909
3513304722011 0.433903548
3513304722012 0.699998034
3513304722013 0.969256253
3513304722014 0.381459354
3513304722015 0.856702168
3513304722016 0.515475359
3513304722017 0.406070726
3513304722018 0.943562484
3519723842008 0.098391272
3519723842009 0.666558011
3519723842010 0.662399787
3519723842011 0.009172695
3519723842012 0.257145011
3519723842013 0.737262167
3519723842014 0.01491213
3519723842015 0.898764147
3519723842016 0.023122478
3519723842017 0.569293613
3519723842018 0.459561032
3622226962008 0.521560176
3622226962009 0.767631227
3622226962010 0.375889712
3622226962011 0.731669697
3622226962012 0.808063484
3622226962013 0.694133633
3622226962014 0.944154942
3622226962015 0.318046062
3622226962016 0.01313926
3622226962017 0.875588115
3622226962018 0.792467732
3624149442008 0.318888652
3624149442009 0.960569971
3624149442010 0.427981331
3624149442011 0.616295268
3624149442012 0.003724947
3624149442013 0.169932506
3624149442014 0.533200618
3624149442015 0.444751834
3624149442016 0.238267205
3624149442017 0.919365945
3624149442018 0.568357768
3706189392008 0.759441372
3706189392009 0.11579523
3706189392010 0.483816432
3706189392011 0.478956553
3706189392012 0.394432045
3706189392013 0.022388184
3706189392014 0.276696352
3706189392015 0.37865213
3706189392016 0.34460154
3706189392017 0.604845633
3706189392018 0.631732472
3706735122008 0.340797197
3706735122009 0.853880527
3706735122010 0.228847596
3706735122011 0.538600952
3706735122012 0.566035349
3706735122013 0.562046624
3706735122014 0.090418052
3706735122015 0.841606744
3706735122016 0.587410153
3706735122017 0.141635294
3710586922008 0.773157849
3710586922009 0.858711111
3710586922010 0.298033546
3710586922011 0.343038157
3710586922012 0.178780035
3710586922013 0.189754759
3710586922014 0.377541615
3710586922015 0.112692776
3710586922016 0.974013627
3710586922017 0.253299967
3710586922018 0.149024597
3828000652008 0.056693673
3828000652009 0.101101618
3828000652010 0.941203924
3828000652011 0.035339538
3828000652012 0.494206708
3828000652013 0.487776992
3828000652014 0.830126977
3828000652015 0.892462014
3828000652016 0.900333747
3828000652018 0.005370545
3920144092009 0.028044655
3920144092010 0.951662543
3920144092011 0.223676616
3920144092012 0.731084514
3920144092013 0.58389523
3920144092014 0.02848892
3920144092015 0.628599904
3920144092016 0.978049176
3920144092017 0.672396385
3920144092018 0.736531881
4107306022008 0.456653669
4107306022009 0.977504068
4107306022010 0.354943997
4107306022011 0.653509778
4107306022012 0.403752254
4107306022013 0.613522784
4107306022014 0.358856092
4107306022015 0.787676734
4107306022016 0.409282484
4107306022017 0.810174099
4116938382008 0.229427497
4116938382009 0.239135027
4116938382010 0.04278396
4116938382011 0.129996986
4116938382012 0.911497631
4116938382013 0.085257564
4116938382014 0.228621172
4116938382015 0.060427909
4116938382016 0.09059785
4116938382017 0.773409619
4116938382018 0.113916942
4117246372008 0.265675808
4117246372009 0.8778518
4117246372010 0.134300842
4117246372011 0.697447853
4117246372012 0.927937856
4117246372013 0.22675777
4117246372014 0.639616245
4117246372015 0.002887703
4117246372016 0.172329498
4117246372017 0.39582134
4117246372018 0.664852758
4118042052008 0.872649545
4118042052009 0.215693041
4118042052010 0.759972815
4118042052011 0.023427591
4118042052012 0.102028683
4118042052013 0.444155279
4118042052014 0.670236387
4118042052015 0.16528173
4118042052016 0.939117932
4118042052017 0.597547818
4118042052018 0.122624009
4119492302008 0.634539252
4119492302009 0.788575473
4119492302010 0.925076943
4119492302011 0.525642573
4119492302012 0.978877596
4119492302013 0.000462588
4119492302014 0.299384744
4119492302015 0.925413918
4119492302016 0.021638526
4119492302017 0.307871453
4119492302018 0.22035133
4206803702008 0.70309977
4206803702009 0.323689992
4206803702010 0.180749764
4206803702011 0.235328818
4206803702012 0.047547336
4206803702013 0.592334456
4206803702014 0.68640403
4206803702015 0.231642187
4206803702016 0.587560445
4206803702017 0.271907305
4208198192008 0.939495921
4208198192009 0.401369014
4208198192010 0.263314147
4208198192011 0.093334837
4208198192012 0.137317142
4208198192013 0.636663177
4208198192014 0.279281345
4208198192015 0.054280907
4208198192016 0.136757959
4208198192017 0.537332121
4208198192018 0.813051401
4213197872008 0.040684239
4213197872009 0.587910606
4213197872010 0.446639355
4213197872011 0.032605088
4213197872012 0.466717165
4213197872013 0.189997438
4213197872014 0.356446071
4213197872015 0.071228827
4213197872016 0.2691733
4213701082008 0.345803162
4213701082009 0.950939739
4213701082010 0.072404725
4213701082011 0.183575706
4213701082012 0.13123497
4213701082013 0.656393402
4213701082014 0.483169737
4213701082015 0.820591297
4213701082016 0.437125225
4213701082017 0.420114845
4213701082018 0.907445995
4214084022008 0.217503459
4214084022009 0.968654972
4214084022010 0.359604674
4214084022011 0.321220425
4214084022012 0.397328628
4214084022013 0.720577878
4214084022014 0.764371412
4214084022015 0.70598138
4214084022016 0.083210615
4214084022017 0.077405842
4214084022018 0.769930025
4214188472008 0.293107867
4214188472009 0.071333738
4214188472010 0.697418337
4214188472011 0.516164237
4214188472012 0.347170298
4214188472013 0.951510272
4214188472014 0.849839415
4214188472015 0.173239683
4214188472016 0.436036307
4214188472017 0.78305511
4214188472018 0.586445243
4214699582008 0.792864062
4214699582009 0.31827136
4214699582010 0.523940156
4214699582011 0.426095791
4214699582012 0.097904587
4214699582013 0.427379908
4214699582014 0.262140164
4214699582015 0.972814066
4214699582016 0.822777835
4214699582017 0.730770692
4214699582018 0.990856008
4214731422008 0.397080794
4214731422009 0.755936161
4214731422010 0.793815348
4214731422011 0.868677045
4214731422012 0.860322929
4214731422013 0.590525615
4214731422014 0.500755941
4214731422015 0.830778616
4214731422016 0.587388267
4214731422017 0.27812281
4214731422018 0.940665675
4260062192008 0.422167641
4260062192009 0.919622906
4260062192010 0.705022793
4260062192011 0.536656285
4260062192012 0.304751505
4260062192013 0.330593949
4260062192014 0.362536055
4260062192015 0.825503908
4260062192016 0.245902832
4260062192017 0.7909645
4260062192018 0.019184642
4405452892008 0.094478636
4405452892009 0.667919467
4405452892010 0.166498201
4405452892011 0.323478197
4405452892012 0.83107538
4405452892013 0.23180724
4405452892014 0.389565152
4405452892015 0.671088102
4405452892016 0.52417523
4405452892017 0.88616392
4405452892018 0.327343687
4405463662008 0.349730775
4405463662009 0.44359637
4405463662010 0.851029858
4405463662011 0.139441995
4405463662012 0.530316721
4405463662013 0.382666231
4405463662014 0.699500268
4405463662015 0.083235955
4405463662016 0.246025881
4405463662017 0.487924349
4405463662018 0.253392642
4406559862008 0.241500293
4406559862009 0.414513181
4406559862010 0.477149771
4406559862011 0.418393815
4406559862012 0.886293831
4406559862013 0.558075392
4406559862014 0.326110016
4406559862015 0.144499541
4406559862016 0.098996418
4406559862017 0.315875116
4406559862018 0.829037923
4528807262008 0.910000611
4528807262009 0.768161306
4528807262010 0.024953648
4528807262011 0.212710126
4528807262012 0.577072411
4528807262013 0.595514825
4528807262014 0.333083389
4528807262015 0.363252255
4528807262016 0.582553651
4528807262017 0.049456222
4528807262018 0.962937566
4707968752008 0.590441262
4707968752009 0.617203874
4707968752010 0.829077659
4707968752011 0.822721808
4707968752012 0.459814205
4707968752013 0.749760909
4707968752014 0.341011003
4707968752015 0.32241301
4707968752016 0.235041859
4707968752017 0.418891806
4707968752018 0.749823869
4805776582008 0.859501976
4805776582009 0.723795254
4805776582010 0.226404983
4805776582011 0.638680528
4805776582012 0.146108201
4805776582013 0.671612144
4805776582014 0.339317058
4805776582015 0.564854653
4805776582016 0.864395104
4805776582017 0.696287043
4805776582018 0.589604679
4805776642008 0.87826699
4805776642009 0.253203969
4805776642010 0.426231387
4805776642011 0.601143315
4805776642012 0.345378338
4805776642013 0.226513151
4805776642014 0.425730648
4805776642015 0.941041102
4805776642016 0.654882936
4805776642017 0.529456962
4805776642018 0.156702232
4811198792008 0.222777939
4811198792009 0.443661147
4811198792010 0.755063085
4811198792011 0.433208391
4811198792012 0.33225877
4811198792013 0.253258702
4811198792014 0.663757225
4811198792015 0.090764504
4811198792016 0.803341829
4811198792017 0.839738773
4811198792018 0.565569621
4860757842008 0.155620657
4860757842009 0.421670882
4860757842010 0.147370102
4860757842011 0.427934757
4860757842012 0.308000322
4860757842013 0.465680561
4860757842014 0.454067021
4860757842015 0.449953106
4860757842016 0.606238293
4860757842017 0.371943219
4860757842018 0.828818385
5205916562008 0.244562668
5205916562009 0.916307122
5205916562010 0.870644252
5205916562011 0.946293488
5205916562012 0.829522364
5205916562013 0.26755049
5205916562014 0.232344833
5205916562015 0.24218622
5205916562016 0.991200288
5205916562017 0.940987399
5205916562018 0.443494348
5207955082008 0.517646208
5207955082009 0.114253483
5207955082010 0.032348879
5207955082011 0.331952516
5207955082012 0.156405485
5207955082013 0.996834669
5207955082014 0.20364906
5207955082015 0.826551086
5207955082016 0.234663835
5207955082017 0.423466978
5207955082018 0.461421322
5213577292008 0.03120696
5213577292009 0.279897354
5213577292010 0.156047824
5213577292011 0.044333672
5213577292012 0.927590136
5213577292013 0.850408959
5213577292014 0.430977167
5213577292015 0.75134924
5213577292016 0.219650029
5213577292017 0.210508729
5213577292018 0.389142592
5213627932008 0.212416753
5213627932009 0.672184947
5213627932010 0.285747239
5213627932011 0.396854535
5213627932012 0.857815569
5213627932013 0.768621302
5213627932014 0.844431892
5213627932015 0.015808016
5213627932016 0.58754084
5213627932017 0.409392899
5213627932018 0.903333248
5223473242008 0.915834678
5223473242009 0.208054821
5223473242010 0.556246024
5223473242011 0.337137145
5223473242012 0.367354156
5223473242013 0.210074687
5223473242014 0.529367463
5223473242015 0.160142741
5223473242016 0.412498024
5223473242017 0.721227166
5223473242018 0.838722893
5411907712008 0.430172499
5411907712009 0.242846453
5411907712010 0.91450901
5411907712011 0.302903603
5411907712012 0.2281826
5411907712013 0.979489443
5411907712014 0.54157784
5411907712015 0.388845128
5411907712016 0.166367545
5411907712017 0.277644851
5411907712018 0.638053359
5605323022008 0.141367296
5605323022009 0.104201876
5605323022010 0.701270555
5605323022011 0.112435726
5605323022012 0.542291434
5605323022013 0.655392156
5605323022014 0.968358358
5605323022015 0.917720969
5605323022016 0.281310271
5605323022017 0.962564903
5605323022018 0.645410587
5613769502008 0.357125449
5613769502009 0.306348932
5613769502010 0.981634318
5613769502011 0.890726917
5613769502012 0.810111597
5613769502013 0.499021383
5613769502014 0.41352776
5613769502015 0.883444512
5613769502016 0.512755669
5613769502017 0.559855014
5613769502018 0.380114239
5703702422008 0.359913818
5703702422009 0.796402442
5703702422010 0.433831171
5703702422011 0.916527624
5703702422012 0.225385141
5703702422013 0.370141289
5703702422014 0.056344645
5703702422015 0.002063933
5703702422016 0.128728679
5703702422017 0.386338346
5703702422018 0.93661237
5816495412008 0.026924709
5816495412009 0.444249922
5816495412010 0.401459423
5816495412011 0.762451275
5816495412012 0.047653829
5816495412013 0.281974454
5816495412014 0.355349921
5816495412015 0.507132788
5816495412016 0.864245459
5816495412017 0.377642144
5816495412018 0.650838324
5818476572008 0.964745052
5818476572009 0.828624635
5818476572010 0.552673634
5818476572011 0.301741875
5818476572012 0.12209354
5818476572013 0.894659225
5818476572014 0.848083892
5818476572015 0.160614354
5818476572016 0.788931989
5818476572017 0.870115106
5818476572018 0.156764569
5820010142008 0.562067881
5820010142009 0.695941293
5820010142010 0.634027476
5820010142011 0.305876546
5820010142012 0.297865085
5820010142013 0.020053967
5820010142014 0.966354476
5820010142015 0.681139482
5820010142016 0.750866948
5820010142017 0.129983647
5820010142018 0.459866285
5821759752008 0.852323128
5821759752009 0.787691481
5821759752010 0.407333617
5821759752011 0.912024116
5821759752012 0.024129514
5821759752013 0.955919543
5821759752014 0.655253349
5821759752015 0.832824659
5821759752016 0.201681392
5821759752017 0.256996221
5821759752018 0.686671778
5822579252008 0.650714899
5822579252009 0.593281225
5822579252010 0.937584962
5822579252011 0.738611784
5822579252012 0.07200216
5822579252013 0.093669203
5822579252014 0.651300721
5822579252015 0.744490814
5822579252016 0.044147713
5822579252017 0.536714811
5822579252018 0.151205437
5906244242008 0.41173139
5906244242009 0.846925549
5906244242010 0.058930252
5906244242011 0.160357082
5906244242012 0.264252263
5906244242013 0.947290561
5906244242014 0.508940619
5906244242015 0.57356601
5906244242016 0.911409442
5906244242017 0.670000363
5906244242018 0.2748218
5908789822008 0.505057284
5908789822009 0.113878184
5908789822010 0.276746355
5908789822011 0.205100622
5908789822012 0.928187946
5908789822013 0.488294939
5908789822014 0.011714181
5908789822015 0.103894
5908789822016 0.714595719
5908789822017 0.652432396
5908789822018 0.339734419
5914602392008 0.940888846
5914602392009 0.326782978
5914602392010 0.399311137
5914602392011 0.199091524
5914602392012 0.381631254
5914602392013 0.653435392
5914602392014 0.453754113
5914602392015 0.819465258
5914602392016 0.467344866
5914602392017 0.358200456
5919170162008 0.251744378
5919170162009 0.443469261
5919170162010 0.270942568
5919170162011 0.463779324
5919170162012 0.031512676
5919170162013 0.595445391
5919170162014 0.547724347
5919170162015 0.90319401
5919170162016 0.036003493
5919170162017 0.19467832
5919170162018 0.652000245
5919435022008 0.729390644
5919435022009 0.711692295
5919435022010 0.623469605
5919435022011 0.990678698
5919435022012 0.093182391
5919435022013 0.095312527
5919435022014 0.723392535
5919435022015 0.513325936
5919435022016 0.770843544
5919435022017 0.816847937
5919435022018 0.047585872
5927969662018 0.564799052
6104447072008 0.814187323
6104447072009 0.838766113
6104447072010 0.859625163
6104447072011 0.042500601
6104447072012 0.743289161
6104447072013 0.866498141
6104447072014 0.453964276
6104447072015 0.578144774
6104447072016 0.07538501
6104583762008 0.596264906
6104583762009 0.508540758
6104583762010 0.326536764
6104583762011 0.402872825
6104583762012 0.62347049
6104583762013 0.971867031
6104583762014 0.015506307
6104583762015 0.524172199
6104583762016 0.094795492
6104583762017 0.414585795
6104583762018 0.952446219
6104829732008 0.994889535
6104829732009 0.409490913
6104829732010 0.425500198
6104829732011 0.723999899
6104829732012 0.73531657
6104829732013 0.745808879
6104829732014 0.410064736
6104829732015 0.844246887
6104829732016 0.852837158
6104829732017 0.869473468
6104829732018 0.730810905
6204762822008 0.789647473
6204762822009 0.200363022
6204762822010 0.777076399
6204762822011 0.749028815
6204762822012 0.606421424
6204762822013 0.977703803
6204762822014 0.824489989
6204762822015 0.155078868
6204762822016 0.805541913
6204762822017 0.658240529
6311786282008 0.776406314
6311786282009 0.043996586
6311786282010 0.768493885
6311786282011 0.578322602
6311786282012 0.94127277
6311786282013 0.574077677
6311786282014 0.981813917
6311786282015 0.609655293
6311786282016 0.390397963
6311786282017 0.857088134
6311786282018 0.116805119
6312196832008 0.467006038
6312196832009 0.974549157
6312196832010 0.144941503
6312196832011 0.705905285
6312196832012 0.462265575
6312196832013 0.554044144
6312196832014 0.196571769
6312196832015 0.249238224
6312196832016 0.725315973
6312196832017 0.896159134
6312196832018 0.599044876
6360572932008 0.34868336
6360572932009 0.505006868
6360572932010 0.07903221
6360572932011 0.506977821
6360572932012 0.790167606
6360572932013 0.587420455
6360572932014 0.564449645
6360572932015 0.885170218
6360572932016 0.140142224
6360572932017 0.143706541
6360572932018 0.034664042
6404280032008 0.944857347
6404280032009 0.249708964
6404280032010 0.272559463
6404280032011 0.103191342
6404280032012 0.449676181
6404280032013 0.064430389
6404280032014 0.920185994
6404280032015 0.636189848
6404280032016 0.220837908
6404280032017 0.000484279
6404280032018 0.623803976
6460015872008 0.328266781
6460015872009 0.204789671
6460015872010 0.85210443
6460015872011 0.912885219
6460015872012 0.214278685
6460015872013 0.019660569
6460015872014 0.973874697
6460015872015 0.412931505
6460015872016 0.086591219
6460015872017 0.975746738
6460015872018 0.982812806
6502676682008 0.025993304
6502676682009 0.858482321
6502676682010 0.122104675
6502676682011 0.637049627
6502676682012 0.132143235
6502676682013 0.676137456
6502676682014 0.885898336
6502676682015 0.45042958
6502676682016 0.31416712
6502676682017 0.552802464
6502676682018 0.817591377
6800415542008 0.798477757
6800415542009 0.718391548
6800415542010 0.133869426
6800415542011 0.764391889
6800415542012 0.983423931
6800415542013 0.722540931
6800415542014 0.683360672
6800415542015 0.592773187
6800415542016 0.527576032
6800415542017 0.564181334
6800415542018 0.26870446
7102368562008 0.968575419
7102368562009 0.639703473
7102368562010 0.536740425
7102368562011 0.825297336
7102368562012 0.143825547
7102368562013 0.898968602
7102368562014 0.147053705
7102368562015 0.176440599
7102368562016 0.194215427
7102368562017 0.93034975
7102368562018 0.300534942
7306576932008 0.069493638
7306576932009 0.828437812
7306576932010 0.12773277
7306576932011 0.2516541
7306576932012 0.862786353
7306576932013 0.694153446
7306576932014 0.710967179
7306576932015 0.416413415
7306576932016 0.637761157
7306576932017 0.324235561
7306576932018 0.65975976
7315595612008 0.164651416
7315595612009 0.842275391
7315595612010 0.792363549
7315595612011 0.698010533
7315595612012 0.141358456
7315595612013 0.092150876
7315595612014 0.09134481
7315595612015 0.030973106
7315595612016 0.798760847
7315595612017 0.743617141
7315595612018 0.196076344
7425578202008 0.110585334
7425578202009 0.248937142
7425578202010 0.851127508
7425578202011 0.582204514
7425578202012 0.878683808
7425578202013 0.091456837
7425578202014 0.555915191
7425578202015 0.581379678
7425578202016 0.309458139
7425578202017 0.224581766
7425578202018 0.31767856
7523029282008 0.708384415
7523029282009 0.153293083
7523029282010 0.965455298
7523029282011 0.967750795
7523029282012 0.57595387
7523029282013 0.249488008
7523029282014 0.85461157
7523029282015 0.623077795
7523029282016 0.426209059
7523029282017 0.322706971
7523029282018 0.93910854
7600947432008 0.424318192
7600947432009 0.099797335
7600947432010 0.602625261
7600947432011 0.446964653
7600947432012 0.111110942
7600947432013 0.598352104
7600947432014 0.574128211
7600947432015 0.601251295
7600947432016 0.837413124
7600947432017 0.775982669
7600947432018 0.353393901
7704941402008 0.89204216
7704941402009 0.807630223
7704941402010 0.87130693
7704941402011 0.039664462
7704941402012 0.229933727
7704941402013 0.665014612
7704941402014 0.396981092
7704941402015 0.644952249
7704941402016 0.788536177
7704941402017 0.526808765
7704941402018 0.279592323
8501056012008 0.399076542
8501056012009 0.6904195
8501056012010 0.125025146
8501056012011 0.468451042
8501056012012 0.579246638
8501056012013 0.344970833
8501056012014 0.622966096
8501056012015 0.538719257
8501056012016 0.61183699
8501056012017 0.184642802
8501056012018 0.5424201
8502941432008 0.809638953
8502941432009 0.257432188
8502941432010 0.781410899
8502941432011 0.061522908
8502941432012 0.026087884
8502941432013 0.686892915
8502941432014 0.960511467
8502941432015 0.607471517
8502941432016 0.274274465
8502941432017 0.242496307
8502941432018 0.186441186
8560003212008 0.442332631
8560003212009 0.486174253
8560003212010 0.184665324
8560003212011 0.851264459
8560003212012 0.435547864
8560003212013 0.827889074
8560003212014 0.740187342
8560003212015 0.989779655
8560003212016 0.193020435
8560003212017 0.51601409
8560003212018 0.054583659
8600989232008 0.190318182
8600989232009 0.024669116
8600989232010 0.542230597
8600989232011 0.519999123
8600989232012 0.534935564
8600989232013 0.402890606
8600989232014 0.60179049
8600989232015 0.762392788
8600989232016 0.750147675
8600989232017 0.561416078
8600989232018 0.974465967
8704744222008 0.204217809
8704744222009 0.397305423
8704744222010 0.124764682
8704744222011 0.801666923
8704744222012 0.840342047
8704744222013 0.348708318
8704744222014 0.1993715
8704744222015 0.52337531
8704744222016 0.660419975
8704744222017 0.211302879
8704744222018 0.141474916
8805023202008 0.983147549
8805023202009 0.603878575
8805023202010 0.607809957
8805023202011 0.314951082
8805023202012 0.96658268
8805023202013 0.445110077
8805023202014 0.09794194
8805023202015 0.337876463
8805023202016 0.940698551
8805023202017 0.111251123
8805023202018 0.963392935
9101712502008 0.262114158
9101712502009 0.924262133
9101712502010 0.668866299
9101712502011 0.769536123
9101712502012 0.772377812
9101712502013 0.285668173
9101712502014 0.107395112
9101712502015 0.065346443
9101712502016 0.265263325
9101712502017 0.725399452
9101712502018 0.571945295
9305797222008 0.026537592
9305797222009 0.219371226
9305797222010 0.326899798
9305797222011 0.193218581
9305797222012 0.770349775
9305797222013 0.313250197
9305797222014 0.046263125
9305797222015 0.124084426
9305797222016 0.431405668
9305797222017 0.303787761
9305797222018 0.676176506
9411962032008 0.990011337
9411962032009 0.423521225
9411962032010 0.233728255
9411962032011 0.499022146
9411962032012 0.359285649
9411962032013 0.331443356
9411962032014 0.000911556
9411962032015 0.881756122
9411962032016 0.456162862
9411962032017 0.342765256
9411962032018 0.527079077
9417294632008 0.408024503
9417294632009 0.728322662
9417294632010 0.302161792
9417294632011 0.437643881
9417294632012 0.773633852
9417294632013 0.11969245
9417294632014 0.354406528
9417294632015 0.256232916
9417294632016 0.386726844
9417294632017 0.481406851
9417294632018 0.545992889
9427358502008 0.671488621
9427358502009 0.465623148
9427358502010 0.180263171
9427358502011 0.781659025
9427358502012 0.64532526
9427358502013 0.407467467
9427358502014 0.441818697
9427358502015 0.875600149
9427358502016 0.476043985
9427358502017 0.178675759
9427358502018 0.588318283
9428232352008 0.731757638
9428232352009 0.857105698
9428232352010 0.520002039
9428232352011 0.60072524
9428232352012 0.287393599
9428232352013 0.132441458
9428232352014 0.618423344
9428232352015 0.403504411
9428232352016 0.90399372
9428232352017 0.617052271
9428232352018 0.786219326
9533085222008 0.221804247
9533085222009 0.24366224
9533085222010 0.464130082
9533085222011 0.688463164
9533085222012 0.27636778
9533085222013 0.986439121
9533085222014 0.526023587
9533085222015 0.142399083
9533085222016 0.850737452
9533085222017 0.107264981
9533085222018 0.488111706
9560041492008 0.732351433
9560041492009 0.70185596
9560041492010 0.199966113
9560041492011 0.359609331
9560041492012 0.21915913
9560041492013 0.425327953
9560041492014 0.147835006
9560041492015 0.911598094
9560041492016 0.924450776
9560041492017 0.608099985
9560041492018 0.039919758
